date_time,file,committer_name
Tue Feb 18 17:09:46 2020,JavaUtilLog.java,Joakim Erdfelt
Tue Feb 18 17:09:46 2020,StdErrLog.java,Joakim Erdfelt
Wed Feb 19 21:10:20 2020,StdErrLog.java,Joakim Erdfelt
Wed Feb 19 21:10:20 2020,StdErrLogTest.java,Joakim Erdfelt
Thu Feb 20 16:31:59 2020,StdErrLog.java,Joakim Erdfelt
Thu Feb 20 18:57:49 2020,StdErrLog.java,Joakim Erdfelt
Thu Feb 20 18:57:49 2020,StdErrLogTest.java,Joakim Erdfelt
Thu Feb 20 19:39:01 2020,StdErrLog.java,Joakim Erdfelt
Thu Feb 20 19:42:53 2020,StdErrLog.java,Joakim Erdfelt
Thu Feb 20 19:45:40 2020,StdErrLog.java,Joakim Erdfelt
Wed Feb 26 13:01:53 2020,DateCache.java,Joakim Erdfelt
Wed Feb 26 19:16:32 2020,ContextHandler.java,Joakim Erdfelt
Mon Mar  2 16:13:29 2020,Module.java,Joakim Erdfelt
Mon Mar  2 16:13:29 2020,ModuleGraphWriter.java,Joakim Erdfelt
Mon Mar  2 16:13:29 2020,Modules.java,Joakim Erdfelt
Mon Mar  2 16:13:29 2020,ModulesTest.java,Joakim Erdfelt
Mon Mar  2 16:13:29 2020,bar-dive.mod,Joakim Erdfelt
Mon Mar  2 16:13:29 2020,bar.mod,Joakim Erdfelt
Mon Mar  2 16:13:29 2020,foo.mod,Joakim Erdfelt
Mon Mar  2 16:13:29 2020,bar-dynamic.mod,Joakim Erdfelt
Mon Mar  2 18:03:37 2020,StdErrLog.java,Joakim Erdfelt
Tue Mar  3 19:51:33 2020,Modules.java,Joakim Erdfelt
Tue Mar  3 19:51:33 2020,ModulesTest.java,Joakim Erdfelt
Tue Mar 10 14:11:22 2020,jetty.xml,Joakim Erdfelt
Tue Mar 10 14:11:22 2020,XmlConfiguration.java,Joakim Erdfelt
Tue Mar 10 14:11:22 2020,XmlConfigurationTest.java,Joakim Erdfelt
Mon Mar 16 16:21:54 2020,pom.xml,Joakim Erdfelt
Mon Mar 16 16:21:54 2020,module-info.java,Joakim Erdfelt
Mon Mar 16 16:21:54 2020,JuliLog.java,Joakim Erdfelt
Mon Mar 16 16:21:54 2020,jetty-logging.properties,Joakim Erdfelt
Mon Mar 16 16:21:54 2020,pom.xml,Joakim Erdfelt
Mon Mar 16 16:21:54 2020,jetty-logging.properties,Joakim Erdfelt
Mon Mar 16 16:21:54 2020,jetty-logging.properties,Joakim Erdfelt
Mon Mar 16 16:21:54 2020,module-info.java,Joakim Erdfelt
Mon Mar 16 16:21:54 2020,module-info.java,Joakim Erdfelt
Mon Mar 16 16:21:54 2020,jetty-logging.properties,Joakim Erdfelt
Mon Mar 16 16:21:54 2020,module-info.java,Joakim Erdfelt
Mon Mar 16 16:21:54 2020,jetty-logging.properties,Joakim Erdfelt
Mon Mar 16 16:21:54 2020,module-info.java,Joakim Erdfelt
Mon Mar 16 16:21:54 2020,jetty-logging.properties,Joakim Erdfelt
Mon Mar 16 16:21:54 2020,module-info.java,Joakim Erdfelt
Mon Mar 16 16:21:54 2020,jetty-logging.properties,Joakim Erdfelt
Mon Mar 16 16:21:54 2020,module-info.java,Joakim Erdfelt
Mon Mar 16 16:21:54 2020,module-info.java,Joakim Erdfelt
Mon Mar 16 16:21:54 2020,TestAnnotationIntrospector.java,Joakim Erdfelt
Mon Mar 16 16:21:54 2020,jetty-logging.properties,Joakim Erdfelt
Mon Mar 16 16:21:54 2020,pom.xml,Joakim Erdfelt
Mon Mar 16 16:21:54 2020,module-info.java,Joakim Erdfelt
Mon Mar 16 16:21:54 2020,HttpClientTest.java,Joakim Erdfelt
Mon Mar 16 16:21:54 2020,HttpConnectionLifecycleTest.java,Joakim Erdfelt
Mon Mar 16 16:21:54 2020,HttpRequestAbortTest.java,Joakim Erdfelt
Mon Mar 16 16:21:54 2020,jetty-logging.properties,Joakim Erdfelt
Mon Mar 16 16:21:54 2020,pom.xml,Joakim Erdfelt
Mon Mar 16 16:21:54 2020,module-info.java,Joakim Erdfelt
Mon Mar 16 16:21:54 2020,BadAppDeployTest.java,Joakim Erdfelt
Mon Mar 16 16:21:54 2020,jetty-logging.properties,Joakim Erdfelt
Mon Mar 16 16:21:54 2020,module-info.java,Joakim Erdfelt
Mon Mar 16 16:21:54 2020,jetty-logging.properties,Joakim Erdfelt
Mon Mar 16 16:21:54 2020,pom.xml,Joakim Erdfelt
Mon Mar 16 16:21:54 2020,module-info.java,Joakim Erdfelt
Mon Mar 16 16:21:54 2020,FastCGIProxyServlet.java,Joakim Erdfelt
Mon Mar 16 16:21:54 2020,HttpClientTest.java,Joakim Erdfelt
Mon Mar 16 16:21:54 2020,jetty-logging.properties,Joakim Erdfelt
Mon Mar 16 16:21:54 2020,gcloud-datastore.mod,Joakim Erdfelt
Mon Mar 16 16:21:54 2020,pom.xml,Joakim Erdfelt
Mon Mar 16 16:21:54 2020,logging-jul-capture.xml,Joakim Erdfelt
Mon Mar 16 16:21:54 2020,logging-jcl-capture.mod,Joakim Erdfelt
Mon Mar 16 16:21:54 2020,logging-jetty.mod,Joakim Erdfelt
Mon Mar 16 16:21:54 2020,logging-jul-capture.mod,Joakim Erdfelt
Mon Mar 16 16:21:54 2020,logging-jul.mod,Joakim Erdfelt
Mon Mar 16 16:21:54 2020,logging-log4j1-capture.mod,Joakim Erdfelt
Mon Mar 16 16:21:54 2020,logging-log4j1.mod,Joakim Erdfelt
Mon Mar 16 16:21:54 2020,logging-log4j2.mod,Joakim Erdfelt
Mon Mar 16 16:21:54 2020,logging-logback.mod,Joakim Erdfelt
Mon Mar 16 16:21:54 2020,logging-noop.mod,Joakim Erdfelt
Mon Mar 16 16:21:54 2020,jetty-logging.properties,Joakim Erdfelt
Mon Mar 16 16:21:54 2020,java-util-logging.properties,Joakim Erdfelt
Mon Mar 16 16:21:54 2020,log4j.xml,Joakim Erdfelt
Mon Mar 16 16:21:54 2020,log4j2.xml,Joakim Erdfelt
Mon Mar 16 16:21:54 2020,logback.xml,Joakim Erdfelt
Mon Mar 16 16:21:54 2020,slf4j.mod,Joakim Erdfelt
Mon Mar 16 16:21:54 2020,module-info.java,Joakim Erdfelt
Mon Mar 16 16:21:54 2020,HttpParserTest.java,Joakim Erdfelt
Mon Mar 16 16:21:54 2020,jetty-logging.properties,Joakim Erdfelt
Mon Mar 16 16:21:54 2020,module-info.java,Joakim Erdfelt
Mon Mar 16 16:21:54 2020,StreamResetTest.java,Joakim Erdfelt
Mon Mar 16 16:21:54 2020,jetty-logging.properties,Joakim Erdfelt
Mon Mar 16 16:21:54 2020,module-info.java,Joakim Erdfelt
Mon Mar 16 16:21:54 2020,jetty-logging.properties,Joakim Erdfelt
Mon Mar 16 16:21:54 2020,module-info.java,Joakim Erdfelt
Mon Mar 16 16:21:54 2020,jetty-logging.properties,Joakim Erdfelt
Mon Mar 16 16:21:54 2020,module-info.java,Joakim Erdfelt
Mon Mar 16 16:21:54 2020,jetty-logging.properties,Joakim Erdfelt
Mon Mar 16 16:21:54 2020,module-info.java,Joakim Erdfelt
Mon Mar 16 16:21:54 2020,HTTP2ServerTest.java,Joakim Erdfelt
Mon Mar 16 16:21:54 2020,jetty-logging.properties,Joakim Erdfelt
Mon Mar 16 16:21:54 2020,module-info.java,Joakim Erdfelt
Mon Mar 16 16:21:54 2020,WriteFlusherTest.java,Joakim Erdfelt
Mon Mar 16 16:21:54 2020,jetty-logging.properties,Joakim Erdfelt
Mon Mar 16 16:21:54 2020,module-info.java,Joakim Erdfelt
Mon Mar 16 16:21:54 2020,module-info.java,Joakim Erdfelt
Mon Mar 16 16:21:54 2020,module-info.java,Joakim Erdfelt
Mon Mar 16 16:21:54 2020,LogMBean.java,Joakim Erdfelt
Mon Mar 16 16:21:54 2020,PojoTest.java,Joakim Erdfelt
Mon Mar 16 16:21:54 2020,LogMBeanTest.java,Joakim Erdfelt
Mon Mar 16 16:21:54 2020,jetty-logging.properties,Joakim Erdfelt
Mon Mar 16 16:21:54 2020,module-info.java,Joakim Erdfelt
Mon Mar 16 16:21:54 2020,pom.xml,Joakim Erdfelt
Mon Mar 16 16:21:54 2020,pom.xml,Joakim Erdfelt
Mon Mar 16 16:21:54 2020,log4j.xml,Joakim Erdfelt
Mon Mar 16 16:21:54 2020,ClassLoadingTestingServletContextListener.java,Joakim Erdfelt
Mon Mar 16 16:21:54 2020,web.xml,Joakim Erdfelt
Mon Mar 16 16:21:54 2020,AbstractForker.java,Joakim Erdfelt
Mon Mar 16 16:21:54 2020,AbstractWebAppMojo.java,Joakim Erdfelt
Mon Mar 16 16:21:54 2020,JettyForkedChild.java,Joakim Erdfelt
Mon Mar 16 16:21:54 2020,MavenMetaInfConfiguration.java,Joakim Erdfelt
Mon Mar 16 16:21:54 2020,MavenQuickStartConfiguration.java,Joakim Erdfelt
Mon Mar 16 16:21:54 2020,MavenWebAppContext.java,Joakim Erdfelt
Mon Mar 16 16:21:54 2020,MavenWebInfConfiguration.java,Joakim Erdfelt
Mon Mar 16 16:21:54 2020,SelectiveJarResource.java,Joakim Erdfelt
Mon Mar 16 16:21:54 2020,TestForkedChild.java,Joakim Erdfelt
Mon Mar 16 16:21:54 2020,TestJettyEmbedder.java,Joakim Erdfelt
Mon Mar 16 16:21:54 2020,TestWebAppPropertyConverter.java,Joakim Erdfelt
Mon Mar 16 16:21:54 2020,IntegrationTestGetContent.java,Joakim Erdfelt
Mon Mar 16 16:21:54 2020,embedder-context.xml,Joakim Erdfelt
Mon Mar 16 16:21:54 2020,xmemcached.mod,Joakim Erdfelt
Mon Mar 16 16:21:54 2020,jetty-logging.properties,Joakim Erdfelt
Mon Mar 16 16:21:54 2020,TestOSGiUtil.java,Joakim Erdfelt
Mon Mar 16 16:21:54 2020,module-info.java,Joakim Erdfelt
Mon Mar 16 16:21:54 2020,pom.xml,Joakim Erdfelt
Mon Mar 16 16:21:54 2020,module-info.java,Joakim Erdfelt
Mon Mar 16 16:21:54 2020,AbstractProxyServlet.java,Joakim Erdfelt
Mon Mar 16 16:21:54 2020,ProxyServlet.java,Joakim Erdfelt
Mon Mar 16 16:21:54 2020,AsyncMiddleManServletTest.java,Joakim Erdfelt
Mon Mar 16 16:21:54 2020,ProxyServletFailureTest.java,Joakim Erdfelt
Mon Mar 16 16:21:54 2020,jetty-logging.properties,Joakim Erdfelt
Mon Mar 16 16:21:54 2020,module-info.java,Joakim Erdfelt
Mon Mar 16 16:21:54 2020,module-info.java,Joakim Erdfelt
Mon Mar 16 16:21:54 2020,module-info.java,Joakim Erdfelt
Mon Mar 16 16:21:54 2020,jetty-logging.properties,Joakim Erdfelt
Mon Mar 16 16:21:54 2020,pom.xml,Joakim Erdfelt
Mon Mar 16 16:21:54 2020,server.mod,Joakim Erdfelt
Mon Mar 16 16:21:54 2020,module-info.java,Joakim Erdfelt
Mon Mar 16 16:21:54 2020,Slf4jRequestLogWriter.java,Joakim Erdfelt
Mon Mar 16 16:21:54 2020,ContextHandler.java,Joakim Erdfelt
Mon Mar 16 16:21:54 2020,AbstractHttpTest.java,Joakim Erdfelt
Mon Mar 16 16:21:54 2020,ConnectorTimeoutTest.java,Joakim Erdfelt
Mon Mar 16 16:21:54 2020,ErrorHandlerTest.java,Joakim Erdfelt
Mon Mar 16 16:21:54 2020,HttpConnectionTest.java,Joakim Erdfelt
Mon Mar 16 16:21:54 2020,HttpManyWaysToAsyncCommitTest.java,Joakim Erdfelt
Mon Mar 16 16:21:54 2020,HttpServerTestBase.java,Joakim Erdfelt
Mon Mar 16 16:21:54 2020,PartialRFC2616Test.java,Joakim Erdfelt
Mon Mar 16 16:21:54 2020,ProxyConnectionTest.java,Joakim Erdfelt
Mon Mar 16 16:21:54 2020,RequestTest.java,Joakim Erdfelt
Mon Mar 16 16:21:54 2020,ServerConnectorTest.java,Joakim Erdfelt
Mon Mar 16 16:21:54 2020,ServerConnectorTimeoutTest.java,Joakim Erdfelt
Mon Mar 16 16:21:54 2020,NcsaRequestLogTest.java,Joakim Erdfelt
Mon Mar 16 16:21:54 2020,jetty-logging.properties,Joakim Erdfelt
Mon Mar 16 16:21:54 2020,module-info.java,Joakim Erdfelt
Mon Mar 16 16:21:54 2020,AsyncContextTest.java,Joakim Erdfelt
Mon Mar 16 16:21:54 2020,AsyncServletTest.java,Joakim Erdfelt
Mon Mar 16 16:21:54 2020,DefaultServletTest.java,Joakim Erdfelt
Mon Mar 16 16:21:54 2020,DispatcherTest.java,Joakim Erdfelt
Mon Mar 16 16:21:54 2020,ErrorPageTest.java,Joakim Erdfelt
Mon Mar 16 16:21:54 2020,FilterHolderTest.java,Joakim Erdfelt
Mon Mar 16 16:21:54 2020,ListenerHolderTest.java,Joakim Erdfelt
Mon Mar 16 16:21:54 2020,MultiPartServletTest.java,Joakim Erdfelt
Mon Mar 16 16:21:54 2020,PostServletTest.java,Joakim Erdfelt
Mon Mar 16 16:21:54 2020,ServletContextHandlerTest.java,Joakim Erdfelt
Mon Mar 16 16:21:54 2020,ServletHolderTest.java,Joakim Erdfelt
Mon Mar 16 16:21:54 2020,jetty-logging.properties,Joakim Erdfelt
Mon Mar 16 16:21:54 2020,module-info.java,Joakim Erdfelt
Mon Mar 16 16:21:54 2020,ThreadStarvationTest.java,Joakim Erdfelt
Mon Mar 16 16:21:54 2020,jetty-logging.properties,Joakim Erdfelt
Mon Mar 16 16:21:54 2020,pom.xml,Joakim Erdfelt
Mon Mar 16 16:21:54 2020,module-info.java,Joakim Erdfelt
Mon Mar 16 16:21:54 2020,JettyAppender.java,Joakim Erdfelt
Mon Mar 16 16:21:54 2020,JettyLogger.java,Joakim Erdfelt
Mon Mar 16 16:21:54 2020,JettyLoggerConfiguration.java,Joakim Erdfelt
Mon Mar 16 16:21:54 2020,JettyLoggerFactory.java,Joakim Erdfelt
Mon Mar 16 16:21:54 2020,JettyLoggingServiceProvider.java,Joakim Erdfelt
Mon Mar 16 16:21:54 2020,StacklessLogging.java,Joakim Erdfelt
Mon Mar 16 16:21:54 2020,StdErrAppender.java,Joakim Erdfelt
Mon Mar 16 16:21:54 2020,Timestamp.java,Joakim Erdfelt
Mon Mar 16 16:21:54 2020,org.slf4j.spi.SLF4JServiceProvider,Joakim Erdfelt
Mon Mar 16 16:21:54 2020,CapturedStream.java,Joakim Erdfelt
Mon Mar 16 16:21:54 2020,JettyLoggerConfigurationTest.java,Joakim Erdfelt
Mon Mar 16 16:21:54 2020,JettyLoggerTest.java,Joakim Erdfelt
Mon Mar 16 16:21:54 2020,Slf4jEffort.java,Joakim Erdfelt
Mon Mar 16 16:21:54 2020,StdErrAppenderTest.java,Joakim Erdfelt
Mon Mar 16 16:21:54 2020,module-info.java,Joakim Erdfelt
Mon Mar 16 16:21:54 2020,pom.xml,Joakim Erdfelt
Mon Mar 16 16:21:54 2020,BaseBuilder.java,Joakim Erdfelt
Mon Mar 16 16:21:54 2020,Main.java,Joakim Erdfelt
Mon Mar 16 16:21:54 2020,Modules.java,Joakim Erdfelt
Mon Mar 16 16:21:54 2020,StartArgs.java,Joakim Erdfelt
Mon Mar 16 16:21:54 2020,StartLog.java,Joakim Erdfelt
Mon Mar 16 16:21:54 2020,MainTest.java,Joakim Erdfelt
Mon Mar 16 16:21:54 2020,TestUseCases.java,Joakim Erdfelt
Mon Mar 16 16:21:54 2020,assert-providers-default.txt,Joakim Erdfelt
Mon Mar 16 16:21:54 2020,assert-providers-specific.txt,Joakim Erdfelt
Mon Mar 16 16:21:54 2020,logging-a.mod,Joakim Erdfelt
Mon Mar 16 16:21:54 2020,logging-b.mod,Joakim Erdfelt
Mon Mar 16 16:21:54 2020,logging-c.mod,Joakim Erdfelt
Mon Mar 16 16:21:54 2020,server.mod,Joakim Erdfelt
Mon Mar 16 16:21:54 2020,loop.prepare.txt,Joakim Erdfelt
Mon Mar 16 16:21:54 2020,module-info.java,Joakim Erdfelt
Mon Mar 16 16:21:54 2020,jetty-logging.properties,Joakim Erdfelt
Mon Mar 16 16:21:54 2020,module-info.java,Joakim Erdfelt
Mon Mar 16 16:21:54 2020,module-info.java,Joakim Erdfelt
Mon Mar 16 16:21:54 2020,jetty-logging.properties,Joakim Erdfelt
Mon Mar 16 16:21:54 2020,module-info.java,Joakim Erdfelt
Mon Mar 16 16:21:54 2020,pom.xml,Joakim Erdfelt
Mon Mar 16 16:21:54 2020,console-capture.xml,Joakim Erdfelt
Mon Mar 16 16:21:54 2020,console-capture.mod,Joakim Erdfelt
Mon Mar 16 16:21:54 2020,jcl-slf4j.mod,Joakim Erdfelt
Mon Mar 16 16:21:54 2020,jul-impl.mod,Joakim Erdfelt
Mon Mar 16 16:21:54 2020,java-util-logging.properties,Joakim Erdfelt
Mon Mar 16 16:21:54 2020,jul-slf4j.mod,Joakim Erdfelt
Mon Mar 16 16:21:54 2020,java-util-logging.properties,Joakim Erdfelt
Mon Mar 16 16:21:54 2020,log4j-impl.mod,Joakim Erdfelt
Mon Mar 16 16:21:54 2020,log4j.xml,Joakim Erdfelt
Mon Mar 16 16:21:54 2020,log4j2-api.mod,Joakim Erdfelt
Mon Mar 16 16:21:54 2020,log4j2-impl.mod,Joakim Erdfelt
Mon Mar 16 16:21:54 2020,log4j2.xml,Joakim Erdfelt
Mon Mar 16 16:21:54 2020,log4j2-slf4j.mod,Joakim Erdfelt
Mon Mar 16 16:21:54 2020,logback.xml,Joakim Erdfelt
Mon Mar 16 16:21:54 2020,jetty-logging.properties,Joakim Erdfelt
Mon Mar 16 16:21:54 2020,logging-log4j.mod,Joakim Erdfelt
Mon Mar 16 16:21:54 2020,logging-log4j2.mod,Joakim Erdfelt
Mon Mar 16 16:21:54 2020,logging-logback.mod,Joakim Erdfelt
Mon Mar 16 16:21:54 2020,logging-slf4j.mod,Joakim Erdfelt
Mon Mar 16 16:21:54 2020,slf4j-jul.mod,Joakim Erdfelt
Mon Mar 16 16:21:54 2020,slf4j-log4j.mod,Joakim Erdfelt
Mon Mar 16 16:21:54 2020,slf4j-log4j2.mod,Joakim Erdfelt
Mon Mar 16 16:21:54 2020,slf4j-logback.mod,Joakim Erdfelt
Mon Mar 16 16:21:54 2020,slf4j-simple-impl.mod,Joakim Erdfelt
Mon Mar 16 16:21:54 2020,simplelogger.properties,Joakim Erdfelt
Mon Mar 16 16:21:54 2020,module-info.java,Joakim Erdfelt
Mon Mar 16 16:21:54 2020,JavaVersion.java,Joakim Erdfelt
Mon Mar 16 16:21:54 2020,ManifestUtils.java,Joakim Erdfelt
Mon Mar 16 16:21:54 2020,TopologicalSort.java,Joakim Erdfelt
Mon Mar 16 16:21:54 2020,AbstractLogger.java,Joakim Erdfelt
Mon Mar 16 16:21:54 2020,JavaUtilLog.java,Joakim Erdfelt
Mon Mar 16 16:21:54 2020,JettyAwareLogger.java,Joakim Erdfelt
Mon Mar 16 16:21:54 2020,JettyLogHandler.java,Joakim Erdfelt
Mon Mar 16 16:21:54 2020,Log.java,Joakim Erdfelt
Mon Mar 16 16:21:54 2020,Logger.java,Joakim Erdfelt
Mon Mar 16 16:21:54 2020,LoggerLog.java,Joakim Erdfelt
Mon Mar 16 16:21:54 2020,Slf4jLogger.java,Joakim Erdfelt
Mon Mar 16 16:21:54 2020,StdErrLog.java,Joakim Erdfelt
Mon Mar 16 16:21:54 2020,LifeCycleListenerTest.java,Joakim Erdfelt
Mon Mar 16 16:21:54 2020,CapturingJULHandler.java,Joakim Erdfelt
Mon Mar 16 16:21:54 2020,Green.java,Joakim Erdfelt
Mon Mar 16 16:21:54 2020,JavaUtilLogTest.java,Joakim Erdfelt
Mon Mar 16 16:21:54 2020,LogTest.java,Joakim Erdfelt
Mon Mar 16 16:21:54 2020,NamedLogTest.java,Joakim Erdfelt
Mon Mar 16 16:21:54 2020,Red.java,Joakim Erdfelt
Mon Mar 16 16:21:54 2020,Slf4jHelper.java,Joakim Erdfelt
Mon Mar 16 16:21:54 2020,StdErrLogTest.java,Joakim Erdfelt
Mon Mar 16 16:21:54 2020,SslContextFactoryTest.java,Joakim Erdfelt
Mon Mar 16 16:21:54 2020,EatWhatYouKillTest.java,Joakim Erdfelt
Mon Mar 16 16:21:54 2020,QueuedThreadPoolTest.java,Joakim Erdfelt
Mon Mar 16 16:21:54 2020,SchedulerTest.java,Joakim Erdfelt
Mon Mar 16 16:21:54 2020,SweeperTest.java,Joakim Erdfelt
Mon Mar 16 16:21:54 2020,jetty-logging.properties,Joakim Erdfelt
Mon Mar 16 16:21:54 2020,module-info.java,Joakim Erdfelt
Mon Mar 16 16:21:54 2020,jetty-logging.properties,Joakim Erdfelt
Mon Mar 16 16:21:54 2020,module-info.java,Joakim Erdfelt
Mon Mar 16 16:21:54 2020,ParserBadCloseStatusCodesTest.java,Joakim Erdfelt
Mon Mar 16 16:21:54 2020,ParserBadOpCodesTest.java,Joakim Erdfelt
Mon Mar 16 16:21:54 2020,ParserReservedBitTest.java,Joakim Erdfelt
Mon Mar 16 16:21:54 2020,WebSocketCloseTest.java,Joakim Erdfelt
Mon Mar 16 16:21:54 2020,WebSocketNegotiationTest.java,Joakim Erdfelt
Mon Mar 16 16:21:54 2020,WebSocketOpenTest.java,Joakim Erdfelt
Mon Mar 16 16:21:54 2020,WebSocketProxyTest.java,Joakim Erdfelt
Mon Mar 16 16:21:54 2020,jetty-logging.properties,Joakim Erdfelt
Mon Mar 16 16:21:54 2020,jetty-logging.properties,Joakim Erdfelt
Mon Mar 16 16:21:54 2020,module-info.java,Joakim Erdfelt
Mon Mar 16 16:21:54 2020,jetty-logging.properties,Joakim Erdfelt
Mon Mar 16 16:21:54 2020,module-info.java,Joakim Erdfelt
Mon Mar 16 16:21:54 2020,jetty-logging.properties,Joakim Erdfelt
Mon Mar 16 16:21:54 2020,MisbehavingClassTest.java,Joakim Erdfelt
Mon Mar 16 16:21:54 2020,IdleTimeoutTest.java,Joakim Erdfelt
Mon Mar 16 16:21:54 2020,jetty-logging.properties,Joakim Erdfelt
Mon Mar 16 16:21:54 2020,module-info.java,Joakim Erdfelt
Mon Mar 16 16:21:54 2020,jetty-logging.properties,Joakim Erdfelt
Mon Mar 16 16:21:54 2020,module-info.java,Joakim Erdfelt
Mon Mar 16 16:21:54 2020,jetty-logging.properties,Joakim Erdfelt
Mon Mar 16 16:21:54 2020,module-info.java,Joakim Erdfelt
Mon Mar 16 16:21:54 2020,ErrorCloseTest.java,Joakim Erdfelt
Mon Mar 16 16:21:54 2020,JettyWebSocketNegotiationTest.java,Joakim Erdfelt
Mon Mar 16 16:21:54 2020,WebSocketOverHTTP2Test.java,Joakim Erdfelt
Mon Mar 16 16:21:54 2020,FrameAnnotationTest.java,Joakim Erdfelt
Mon Mar 16 16:21:54 2020,FrameListenerTest.java,Joakim Erdfelt
Mon Mar 16 16:21:54 2020,PartialListenerTest.java,Joakim Erdfelt
Mon Mar 16 16:21:54 2020,ServerCloseTest.java,Joakim Erdfelt
Mon Mar 16 16:21:54 2020,jetty-logging.properties,Joakim Erdfelt
Mon Mar 16 16:21:54 2020,module-info.java,Joakim Erdfelt
Mon Mar 16 16:21:54 2020,module-info.java,Joakim Erdfelt
Mon Mar 16 16:21:54 2020,jetty-logging.properties,Joakim Erdfelt
Mon Mar 16 16:21:54 2020,module-info.java,Joakim Erdfelt
Mon Mar 16 16:21:54 2020,XmlConfigurationTest.java,Joakim Erdfelt
Mon Mar 16 16:21:54 2020,jetty-logging.properties,Joakim Erdfelt
Mon Mar 16 16:21:54 2020,pom.xml,Joakim Erdfelt
Mon Mar 16 16:21:54 2020,LogCondensePackageStringBenchmark.java,Joakim Erdfelt
Mon Mar 16 16:21:54 2020,jetty-logging.properties,Joakim Erdfelt
Mon Mar 16 16:21:54 2020,pom.xml,Joakim Erdfelt
Mon Mar 16 16:21:54 2020,DistributionTester.java,Joakim Erdfelt
Mon Mar 16 16:21:54 2020,jetty-logging.properties,Joakim Erdfelt
Mon Mar 16 16:21:54 2020,test-realm.xml,Joakim Erdfelt
Mon Mar 16 16:21:54 2020,AsyncIOServletTest.java,Joakim Erdfelt
Mon Mar 16 16:21:54 2020,ServerTimeoutsTest.java,Joakim Erdfelt
Mon Mar 16 16:21:54 2020,jetty-logging.properties,Joakim Erdfelt
Mon Mar 16 16:21:54 2020,DeploymentErrorTest.java,Joakim Erdfelt
Mon Mar 16 16:21:54 2020,FailedSelectorTest.java,Joakim Erdfelt
Mon Mar 16 16:21:54 2020,RFC2616BaseTest.java,Joakim Erdfelt
Mon Mar 16 16:21:54 2020,jetty-logging.properties,Joakim Erdfelt
Mon Mar 16 16:21:54 2020,jetty-logging.properties,Joakim Erdfelt
Mon Mar 16 16:21:54 2020,jetty-logging.properties,Joakim Erdfelt
Mon Mar 16 16:21:54 2020,ReloadedSessionMissingClassTest.java,Joakim Erdfelt
Mon Mar 16 16:21:54 2020,jetty-logging.properties,Joakim Erdfelt
Mon Mar 16 16:21:54 2020,AbstractSessionCacheTest.java,Joakim Erdfelt
Mon Mar 16 16:21:54 2020,AsyncTest.java,Joakim Erdfelt
Mon Mar 16 16:21:54 2020,CreationTest.java,Joakim Erdfelt
Mon Mar 16 16:21:54 2020,DeleteUnloadableSessionTest.java,Joakim Erdfelt
Mon Mar 16 16:21:54 2020,DuplicateCookieTest.java,Joakim Erdfelt
Mon Mar 16 16:21:54 2020,IdleSessionTest.java,Joakim Erdfelt
Mon Mar 16 16:21:54 2020,SaveOptimizeTest.java,Joakim Erdfelt
Mon Mar 16 16:21:54 2020,SessionEvictionFailureTest.java,Joakim Erdfelt
Mon Mar 16 16:21:54 2020,jetty-logging.properties,Joakim Erdfelt
Mon Mar 16 16:21:54 2020,jetty-logging.properties,Joakim Erdfelt
Mon Mar 16 16:21:54 2020,test-realm.xml,Joakim Erdfelt
Mon Mar 16 16:21:54 2020,TestServer.java,Joakim Erdfelt
Mon Mar 16 16:21:54 2020,jetty-logging.properties,Joakim Erdfelt
Mon Mar 16 16:21:54 2020,TestTransparentProxyServer.java,Joakim Erdfelt
Mon Mar 16 20:48:25 2020,pom.xml,Joakim Erdfelt
Mon Mar 16 20:48:25 2020,module-info.java,Joakim Erdfelt
Mon Mar 16 20:48:25 2020,JettyDistribution.java,Joakim Erdfelt
Mon Mar 16 20:48:25 2020,WebSocketServerTest.java,Joakim Erdfelt
Mon Mar 16 20:48:25 2020,pom.xml,Joakim Erdfelt
Mon Mar 16 20:48:25 2020,ALPNClientConnectionFactory.java,Joakim Erdfelt
Mon Mar 16 20:48:25 2020,pom.xml,Joakim Erdfelt
Mon Mar 16 20:48:25 2020,ConscryptClientALPNProcessor.java,Joakim Erdfelt
Mon Mar 16 20:48:25 2020,ConscryptServerALPNProcessor.java,Joakim Erdfelt
Mon Mar 16 20:48:25 2020,pom.xml,Joakim Erdfelt
Mon Mar 16 20:48:25 2020,JDK9ClientALPNProcessor.java,Joakim Erdfelt
Mon Mar 16 20:48:25 2020,JDK9ServerALPNProcessor.java,Joakim Erdfelt
Mon Mar 16 20:48:25 2020,ALPNServerConnection.java,Joakim Erdfelt
Mon Mar 16 20:48:25 2020,ALPNServerConnectionFactory.java,Joakim Erdfelt
Mon Mar 16 20:48:25 2020,AnnotationConfiguration.java,Joakim Erdfelt
Mon Mar 16 20:48:25 2020,AnnotationIntrospector.java,Joakim Erdfelt
Mon Mar 16 20:48:25 2020,AnnotationParser.java,Joakim Erdfelt
Mon Mar 16 20:48:25 2020,ClassInheritanceHandler.java,Joakim Erdfelt
Mon Mar 16 20:48:25 2020,DeclareRolesAnnotationHandler.java,Joakim Erdfelt
Mon Mar 16 20:48:25 2020,ResourceAnnotationHandler.java,Joakim Erdfelt
Mon Mar 16 20:48:25 2020,ResourcesAnnotationHandler.java,Joakim Erdfelt
Mon Mar 16 20:48:25 2020,RunAsAnnotationHandler.java,Joakim Erdfelt
Mon Mar 16 20:48:25 2020,ServletContainerInitializersStarter.java,Joakim Erdfelt
Mon Mar 16 20:48:25 2020,ServletSecurityAnnotationHandler.java,Joakim Erdfelt
Mon Mar 16 20:48:25 2020,WebFilterAnnotation.java,Joakim Erdfelt
Mon Mar 16 20:48:25 2020,WebFilterAnnotationHandler.java,Joakim Erdfelt
Mon Mar 16 20:48:25 2020,WebListenerAnnotation.java,Joakim Erdfelt
Mon Mar 16 20:48:25 2020,WebListenerAnnotationHandler.java,Joakim Erdfelt
Mon Mar 16 20:48:25 2020,WebServletAnnotation.java,Joakim Erdfelt
Mon Mar 16 20:48:25 2020,WebServletAnnotationHandler.java,Joakim Erdfelt
Mon Mar 16 20:48:25 2020,TestAnnotationConfiguration.java,Joakim Erdfelt
Mon Mar 16 20:48:25 2020,TestAnnotationDecorator.java,Joakim Erdfelt
Mon Mar 16 20:48:25 2020,TestResourceAnnotations.java,Joakim Erdfelt
Mon Mar 16 20:48:25 2020,web-fragment4false.xml,Joakim Erdfelt
Mon Mar 16 20:48:25 2020,web-fragment4true.xml,Joakim Erdfelt
Mon Mar 16 20:48:25 2020,AntWebAppContext.java,Joakim Erdfelt
Mon Mar 16 20:48:25 2020,AntWebXmlConfiguration.java,Joakim Erdfelt
Mon Mar 16 20:48:25 2020,CdiServletContainerInitializer.java,Joakim Erdfelt
Mon Mar 16 20:48:25 2020,CdiSpiDecorator.java,Joakim Erdfelt
Mon Mar 16 20:48:25 2020,module-info.java,Joakim Erdfelt
Mon Mar 16 20:48:25 2020,AbstractConnectionPool.java,Joakim Erdfelt
Mon Mar 16 20:48:25 2020,AbstractHttpClientTransport.java,Joakim Erdfelt
Mon Mar 16 20:48:25 2020,AuthenticationProtocolHandler.java,Joakim Erdfelt
Mon Mar 16 20:48:25 2020,DuplexConnectionPool.java,Joakim Erdfelt
Mon Mar 16 20:48:25 2020,HttpChannel.java,Joakim Erdfelt
Mon Mar 16 20:48:25 2020,HttpClient.java,Joakim Erdfelt
Mon Mar 16 20:48:25 2020,HttpConnection.java,Joakim Erdfelt
Mon Mar 16 20:48:25 2020,HttpContent.java,Joakim Erdfelt
Mon Mar 16 20:48:25 2020,HttpConversation.java,Joakim Erdfelt
Mon Mar 16 20:48:25 2020,HttpDestination.java,Joakim Erdfelt
Mon Mar 16 20:48:25 2020,HttpExchange.java,Joakim Erdfelt
Mon Mar 16 20:48:25 2020,HttpProxy.java,Joakim Erdfelt
Mon Mar 16 20:48:25 2020,HttpReceiver.java,Joakim Erdfelt
Mon Mar 16 20:48:25 2020,HttpRedirector.java,Joakim Erdfelt
Mon Mar 16 20:48:25 2020,HttpSender.java,Joakim Erdfelt
Mon Mar 16 20:48:25 2020,LeakTrackingConnectionPool.java,Joakim Erdfelt
Mon Mar 16 20:48:25 2020,MultiplexConnectionPool.java,Joakim Erdfelt
Mon Mar 16 20:48:25 2020,ProxyProtocolClientConnectionFactory.java,Joakim Erdfelt
Mon Mar 16 20:48:25 2020,RequestNotifier.java,Joakim Erdfelt
Mon Mar 16 20:48:25 2020,ResponseNotifier.java,Joakim Erdfelt
Mon Mar 16 20:48:25 2020,Socks4Proxy.java,Joakim Erdfelt
Mon Mar 16 20:48:25 2020,TimeoutCompleteListener.java,Joakim Erdfelt
Mon Mar 16 20:48:25 2020,ValidatingConnectionPool.java,Joakim Erdfelt
Mon Mar 16 20:48:25 2020,HttpConnectionOverHTTP.java,Joakim Erdfelt
Mon Mar 16 20:48:25 2020,HttpReceiverOverHTTP.java,Joakim Erdfelt
Mon Mar 16 20:48:25 2020,HttpSenderOverHTTP.java,Joakim Erdfelt
Mon Mar 16 20:48:25 2020,ProxyProtocolClientConnectionFactory.java,Joakim Erdfelt
Mon Mar 16 20:48:25 2020,InputStreamContentProvider.java,Joakim Erdfelt
Mon Mar 16 20:48:25 2020,InputStreamResponseListener.java,Joakim Erdfelt
Mon Mar 16 20:48:25 2020,MultiPartContentProvider.java,Joakim Erdfelt
Mon Mar 16 20:48:25 2020,PathContentProvider.java,Joakim Erdfelt
Mon Mar 16 20:48:25 2020,SPNEGOAuthentication.java,Joakim Erdfelt
Mon Mar 16 20:48:25 2020,HttpConnectionLifecycleTest.java,Joakim Erdfelt
Mon Mar 16 20:48:25 2020,LivelockTest.java,Joakim Erdfelt
Mon Mar 16 20:48:25 2020,SslBytesTest.java,Joakim Erdfelt
Mon Mar 16 20:48:25 2020,SPNEGOAuthenticationTest.java,Joakim Erdfelt
Mon Mar 16 20:48:25 2020,pom.xml,Joakim Erdfelt
Mon Mar 16 20:48:25 2020,AppLifeCycle.java,Joakim Erdfelt
Mon Mar 16 20:48:25 2020,DeploymentManager.java,Joakim Erdfelt
Mon Mar 16 20:48:25 2020,DebugBinding.java,Joakim Erdfelt
Mon Mar 16 20:48:25 2020,GlobalWebappConfigBinding.java,Joakim Erdfelt
Mon Mar 16 20:48:25 2020,ScanningAppProvider.java,Joakim Erdfelt
Mon Mar 16 20:48:25 2020,AppLifeCycle.svg,Joakim Erdfelt
Mon Mar 16 20:48:25 2020,DefaultAppLifeCycleBindings.svg,Joakim Erdfelt
Mon Mar 16 20:48:25 2020,DeploymentManager.svg,Joakim Erdfelt
Mon Mar 16 20:48:25 2020,DeploymentManager_Roles.svg,Joakim Erdfelt
Mon Mar 16 20:48:25 2020,ScanningAppProviderRuntimeUpdatesTest.java,Joakim Erdfelt
Mon Mar 16 20:48:25 2020,pom.xml,Joakim Erdfelt
Mon Mar 16 20:48:25 2020,HttpConnectionOverFCGI.java,Joakim Erdfelt
Mon Mar 16 20:48:25 2020,Flusher.java,Joakim Erdfelt
Mon Mar 16 20:48:25 2020,HeaderParser.java,Joakim Erdfelt
Mon Mar 16 20:48:25 2020,ParamsContentParser.java,Joakim Erdfelt
Mon Mar 16 20:48:25 2020,Parser.java,Joakim Erdfelt
Mon Mar 16 20:48:25 2020,ResponseContentParser.java,Joakim Erdfelt
Mon Mar 16 20:48:25 2020,StreamContentParser.java,Joakim Erdfelt
Mon Mar 16 20:48:25 2020,pom.xml,Joakim Erdfelt
Mon Mar 16 20:48:25 2020,module-info.java,Joakim Erdfelt
Mon Mar 16 20:48:25 2020,HttpChannelOverFCGI.java,Joakim Erdfelt
Mon Mar 16 20:48:25 2020,HttpTransportOverFCGI.java,Joakim Erdfelt
Mon Mar 16 20:48:25 2020,ServerFCGIConnection.java,Joakim Erdfelt
Mon Mar 16 20:48:25 2020,GCloudSessionDataStore.java,Joakim Erdfelt
Mon Mar 16 20:48:25 2020,remote.xml,Joakim Erdfelt
Mon Mar 16 20:48:25 2020,HazelcastSessionDataStore.java,Joakim Erdfelt
Mon Mar 16 20:48:25 2020,HazelcastSessionDataStoreFactory.java,Joakim Erdfelt
Mon Mar 16 20:48:25 2020,HttpSpiContextHandler.java,Joakim Erdfelt
Mon Mar 16 20:48:25 2020,JettyHttpServer.java,Joakim Erdfelt
Mon Mar 16 20:48:25 2020,pom.xml,Joakim Erdfelt
Mon Mar 16 20:48:25 2020,CookieCutter.java,Joakim Erdfelt
Mon Mar 16 20:48:25 2020,HttpCompliance.java,Joakim Erdfelt
Mon Mar 16 20:48:25 2020,HttpCookie.java,Joakim Erdfelt
Mon Mar 16 20:48:25 2020,HttpFields.java,Joakim Erdfelt
Mon Mar 16 20:48:25 2020,HttpGenerator.java,Joakim Erdfelt
Mon Mar 16 20:48:25 2020,HttpParser.java,Joakim Erdfelt
Mon Mar 16 20:48:25 2020,MimeTypes.java,Joakim Erdfelt
Mon Mar 16 20:48:25 2020,PreEncodedHttpField.java,Joakim Erdfelt
Mon Mar 16 20:48:25 2020,QuotedQualityCSV.java,Joakim Erdfelt
Mon Mar 16 20:48:25 2020,PathMappings.java,Joakim Erdfelt
Mon Mar 16 20:48:25 2020,ServletPathSpec.java,Joakim Erdfelt
Mon Mar 16 20:48:25 2020,UriTemplatePathSpec.java,Joakim Erdfelt
Mon Mar 16 20:48:25 2020,HttpCookieTest.java,Joakim Erdfelt
Mon Mar 16 20:48:25 2020,pom.xml,Joakim Erdfelt
Mon Mar 16 20:48:25 2020,HTTP2ClientSession.java,Joakim Erdfelt
Mon Mar 16 20:48:25 2020,IdleTimeoutTest.java,Joakim Erdfelt
Mon Mar 16 20:48:25 2020,InterleavingTest.java,Joakim Erdfelt
Mon Mar 16 20:48:25 2020,RawHTTP2ProxyTest.java,Joakim Erdfelt
Mon Mar 16 20:48:25 2020,SmallThreadPoolLoadTest.java,Joakim Erdfelt
Mon Mar 16 20:48:25 2020,pom.xml,Joakim Erdfelt
Mon Mar 16 20:48:25 2020,AbstractFlowControlStrategy.java,Joakim Erdfelt
Mon Mar 16 20:48:25 2020,HTTP2Connection.java,Joakim Erdfelt
Mon Mar 16 20:48:25 2020,HTTP2Flusher.java,Joakim Erdfelt
Mon Mar 16 20:48:25 2020,HTTP2Session.java,Joakim Erdfelt
Mon Mar 16 20:48:25 2020,HTTP2Stream.java,Joakim Erdfelt
Mon Mar 16 20:48:25 2020,HTTP2StreamEndPoint.java,Joakim Erdfelt
Mon Mar 16 20:48:25 2020,BodyParser.java,Joakim Erdfelt
Mon Mar 16 20:48:25 2020,HeaderBlockParser.java,Joakim Erdfelt
Mon Mar 16 20:48:25 2020,Parser.java,Joakim Erdfelt
Mon Mar 16 20:48:25 2020,PrefaceParser.java,Joakim Erdfelt
Mon Mar 16 20:48:25 2020,ServerParser.java,Joakim Erdfelt
Mon Mar 16 20:48:25 2020,SettingsBodyParser.java,Joakim Erdfelt
Mon Mar 16 20:48:25 2020,pom.xml,Joakim Erdfelt
Mon Mar 16 20:48:25 2020,HpackContext.java,Joakim Erdfelt
Mon Mar 16 20:48:25 2020,HpackDecoder.java,Joakim Erdfelt
Mon Mar 16 20:48:25 2020,HpackEncoder.java,Joakim Erdfelt
Mon Mar 16 20:48:25 2020,pom.xml,Joakim Erdfelt
Mon Mar 16 20:48:25 2020,ClientHTTP2StreamEndPoint.java,Joakim Erdfelt
Mon Mar 16 20:48:25 2020,HttpChannelOverHTTP2.java,Joakim Erdfelt
Mon Mar 16 20:48:25 2020,HttpConnectionOverHTTP2.java,Joakim Erdfelt
Mon Mar 16 20:48:25 2020,pom.xml,Joakim Erdfelt
Mon Mar 16 20:48:25 2020,HTTP2CServerConnectionFactory.java,Joakim Erdfelt
Mon Mar 16 20:48:25 2020,HTTP2ServerConnectionFactory.java,Joakim Erdfelt
Mon Mar 16 20:48:25 2020,HTTP2ServerSession.java,Joakim Erdfelt
Mon Mar 16 20:48:25 2020,HttpChannelOverHTTP2.java,Joakim Erdfelt
Mon Mar 16 20:48:25 2020,HttpTransportOverHTTP2.java,Joakim Erdfelt
Mon Mar 16 20:48:25 2020,ServerHTTP2StreamEndPoint.java,Joakim Erdfelt
Mon Mar 16 20:48:25 2020,InfinispanSessionDataStore.java,Joakim Erdfelt
Mon Mar 16 20:48:25 2020,pom.xml,Joakim Erdfelt
Mon Mar 16 20:48:25 2020,AbstractConnection.java,Joakim Erdfelt
Mon Mar 16 20:48:25 2020,AbstractEndPoint.java,Joakim Erdfelt
Mon Mar 16 20:48:25 2020,ByteArrayEndPoint.java,Joakim Erdfelt
Mon Mar 16 20:48:25 2020,ChannelEndPoint.java,Joakim Erdfelt
Mon Mar 16 20:48:25 2020,ClientConnector.java,Joakim Erdfelt
Mon Mar 16 20:48:25 2020,CyclicTimeout.java,Joakim Erdfelt
Mon Mar 16 20:48:25 2020,FillInterest.java,Joakim Erdfelt
Mon Mar 16 20:48:25 2020,IdleTimeout.java,Joakim Erdfelt
Mon Mar 16 20:48:25 2020,LeakTrackingByteBufferPool.java,Joakim Erdfelt
Mon Mar 16 20:48:25 2020,ManagedSelector.java,Joakim Erdfelt
Mon Mar 16 20:48:25 2020,NegotiatingClientConnection.java,Joakim Erdfelt
Mon Mar 16 20:48:25 2020,NetworkTrafficSelectChannelEndPoint.java,Joakim Erdfelt
Mon Mar 16 20:48:25 2020,SelectorManager.java,Joakim Erdfelt
Mon Mar 16 20:48:25 2020,SocketChannelEndPoint.java,Joakim Erdfelt
Mon Mar 16 20:48:25 2020,WriteFlusher.java,Joakim Erdfelt
Mon Mar 16 20:48:25 2020,SslConnection.java,Joakim Erdfelt
Mon Mar 16 20:48:25 2020,SocketChannelEndPointTest.java,Joakim Erdfelt
Mon Mar 16 20:48:25 2020,SslConnectionTest.java,Joakim Erdfelt
Mon Mar 16 20:48:25 2020,JAASLoginService.java,Joakim Erdfelt
Mon Mar 16 20:48:25 2020,AbstractDatabaseLoginModule.java,Joakim Erdfelt
Mon Mar 16 20:48:25 2020,JDBCLoginModule.java,Joakim Erdfelt
Mon Mar 16 20:48:25 2020,LdapLoginModule.java,Joakim Erdfelt
Mon Mar 16 20:48:25 2020,PropertyFileLoginModule.java,Joakim Erdfelt
Mon Mar 16 20:48:25 2020,JaspiAuthenticator.java,Joakim Erdfelt
Mon Mar 16 20:48:25 2020,JaspiAuthenticatorFactory.java,Joakim Erdfelt
Mon Mar 16 20:48:25 2020,BasicAuthModule.java,Joakim Erdfelt
Mon Mar 16 20:48:25 2020,pom.xml,Joakim Erdfelt
Mon Mar 16 20:48:25 2020,jetty-jmx.xml,Joakim Erdfelt
Mon Mar 16 20:48:25 2020,ConnectorServer.java,Joakim Erdfelt
Mon Mar 16 20:48:25 2020,MBeanContainer.java,Joakim Erdfelt
Mon Mar 16 20:48:25 2020,MetaData.java,Joakim Erdfelt
Mon Mar 16 20:48:25 2020,ObjectMBean.java,Joakim Erdfelt
Mon Mar 16 20:48:25 2020,DerivedMBean.java,Joakim Erdfelt
Mon Mar 16 20:48:25 2020,ContextFactory.java,Joakim Erdfelt
Mon Mar 16 20:48:25 2020,DataSourceCloser.java,Joakim Erdfelt
Mon Mar 16 20:48:25 2020,InitialContextFactory.java,Joakim Erdfelt
Mon Mar 16 20:48:25 2020,NamingContext.java,Joakim Erdfelt
Mon Mar 16 20:48:25 2020,NamingUtil.java,Joakim Erdfelt
Mon Mar 16 20:48:25 2020,javaRootURLContext.java,Joakim Erdfelt
Mon Mar 16 20:48:25 2020,javaURLContextFactory.java,Joakim Erdfelt
Mon Mar 16 20:48:25 2020,localContextRoot.java,Joakim Erdfelt
Mon Mar 16 20:48:25 2020,TestJNDI.java,Joakim Erdfelt
Mon Mar 16 20:48:25 2020,MongoSessionDataStore.java,Joakim Erdfelt
Mon Mar 16 20:48:25 2020,JwtDecoder.java,Joakim Erdfelt
Mon Mar 16 20:48:25 2020,OpenIdAuthenticator.java,Joakim Erdfelt
Mon Mar 16 20:48:25 2020,OpenIdConfiguration.java,Joakim Erdfelt
Mon Mar 16 20:48:25 2020,OpenIdCredentials.java,Joakim Erdfelt
Mon Mar 16 20:48:25 2020,OpenIdLoginService.java,Joakim Erdfelt
Mon Mar 16 20:48:25 2020,ContainerTldBundleDiscoverer.java,Joakim Erdfelt
Mon Mar 16 20:48:25 2020,JSTLBundleDiscoverer.java,Joakim Erdfelt
Mon Mar 16 20:48:25 2020,AnnotationConfiguration.java,Joakim Erdfelt
Mon Mar 16 20:48:25 2020,AbstractContextProvider.java,Joakim Erdfelt
Mon Mar 16 20:48:25 2020,AbstractOSGiApp.java,Joakim Erdfelt
Mon Mar 16 20:48:25 2020,AbstractWebAppProvider.java,Joakim Erdfelt
Mon Mar 16 20:48:25 2020,BundleContextProvider.java,Joakim Erdfelt
Mon Mar 16 20:48:25 2020,BundleWebAppProvider.java,Joakim Erdfelt
Mon Mar 16 20:48:25 2020,JettyBootstrapActivator.java,Joakim Erdfelt
Mon Mar 16 20:48:25 2020,OSGiMetaInfConfiguration.java,Joakim Erdfelt
Mon Mar 16 20:48:25 2020,ServiceContextProvider.java,Joakim Erdfelt
Mon Mar 16 20:48:25 2020,ServiceWebAppProvider.java,Joakim Erdfelt
Mon Mar 16 20:48:25 2020,DefaultJettyAtJettyHomeHelper.java,Joakim Erdfelt
Mon Mar 16 20:48:25 2020,JettyServerServiceTracker.java,Joakim Erdfelt
Mon Mar 16 20:48:25 2020,ServerInstanceWrapper.java,Joakim Erdfelt
Mon Mar 16 20:48:25 2020,OSGiWebappClassLoader.java,Joakim Erdfelt
Mon Mar 16 20:48:25 2020,BundleClassLoaderHelperFactory.java,Joakim Erdfelt
Mon Mar 16 20:48:25 2020,BundleFileLocatorHelperFactory.java,Joakim Erdfelt
Mon Mar 16 20:48:25 2020,OSGiClassLoader.java,Joakim Erdfelt
Mon Mar 16 20:48:25 2020,DefaultBundleClassLoaderHelper.java,Joakim Erdfelt
Mon Mar 16 20:48:25 2020,pom.xml,Joakim Erdfelt
Mon Mar 16 20:48:25 2020,jetty-logging.properties,Joakim Erdfelt
Mon Mar 16 20:48:25 2020,log4j.properties,Joakim Erdfelt
Mon Mar 16 20:48:25 2020,log4j.xml,Joakim Erdfelt
Mon Mar 16 20:48:25 2020,ContainerInitializer.java,Joakim Erdfelt
Mon Mar 16 20:48:25 2020,Injection.java,Joakim Erdfelt
Mon Mar 16 20:48:25 2020,InjectionCollection.java,Joakim Erdfelt
Mon Mar 16 20:48:25 2020,LifeCycleCallbackCollection.java,Joakim Erdfelt
Mon Mar 16 20:48:25 2020,PreDestroyCallback.java,Joakim Erdfelt
Mon Mar 16 20:48:25 2020,RunAsCollection.java,Joakim Erdfelt
Mon Mar 16 20:48:25 2020,NamingEntry.java,Joakim Erdfelt
Mon Mar 16 20:48:25 2020,NamingEntryUtil.java,Joakim Erdfelt
Mon Mar 16 20:48:25 2020,Transaction.java,Joakim Erdfelt
Mon Mar 16 20:48:25 2020,DataSourceLoginService.java,Joakim Erdfelt
Mon Mar 16 20:48:25 2020,EnvConfiguration.java,Joakim Erdfelt
Mon Mar 16 20:48:25 2020,PlusConfiguration.java,Joakim Erdfelt
Mon Mar 16 20:48:25 2020,PlusDecorator.java,Joakim Erdfelt
Mon Mar 16 20:48:25 2020,PlusDescriptorProcessor.java,Joakim Erdfelt
Mon Mar 16 20:48:25 2020,pom.xml,Joakim Erdfelt
Mon Mar 16 20:48:25 2020,AfterContentTransformer.java,Joakim Erdfelt
Mon Mar 16 20:48:25 2020,AsyncMiddleManServlet.java,Joakim Erdfelt
Mon Mar 16 20:48:25 2020,ConnectHandler.java,Joakim Erdfelt
Mon Mar 16 20:48:25 2020,ProxyConnection.java,Joakim Erdfelt
Mon Mar 16 20:48:25 2020,AsyncMiddleManServletTest.java,Joakim Erdfelt
Mon Mar 16 20:48:25 2020,ProxyServletLoadTest.java,Joakim Erdfelt
Mon Mar 16 20:48:25 2020,AttributeNormalizer.java,Joakim Erdfelt
Mon Mar 16 20:48:25 2020,ExtraXmlDescriptorProcessor.java,Joakim Erdfelt
Mon Mar 16 20:48:25 2020,PreconfigureQuickStartWar.java,Joakim Erdfelt
Mon Mar 16 20:48:25 2020,QuickStartConfiguration.java,Joakim Erdfelt
Mon Mar 16 20:48:25 2020,QuickStartGeneratorConfiguration.java,Joakim Erdfelt
Mon Mar 16 20:48:25 2020,rewrite-customizer.mod,Joakim Erdfelt
Mon Mar 16 20:48:25 2020,rewrite.mod,Joakim Erdfelt
Mon Mar 16 20:48:25 2020,RuleContainer.java,Joakim Erdfelt
Mon Mar 16 20:48:25 2020,ValidUrlRule.java,Joakim Erdfelt
Mon Mar 16 20:48:25 2020,Runner.java,Joakim Erdfelt
Mon Mar 16 20:48:25 2020,pom.xml,Joakim Erdfelt
Mon Mar 16 20:48:25 2020,AbstractLoginService.java,Joakim Erdfelt
Mon Mar 16 20:48:25 2020,ConfigurableSpnegoLoginService.java,Joakim Erdfelt
Mon Mar 16 20:48:25 2020,ConstraintSecurityHandler.java,Joakim Erdfelt
Mon Mar 16 20:48:25 2020,HashLoginService.java,Joakim Erdfelt
Mon Mar 16 20:48:25 2020,JDBCLoginService.java,Joakim Erdfelt
Mon Mar 16 20:48:25 2020,PropertyUserStore.java,Joakim Erdfelt
Mon Mar 16 20:48:25 2020,SecurityHandler.java,Joakim Erdfelt
Mon Mar 16 20:48:25 2020,ConfigurableSpnegoAuthenticator.java,Joakim Erdfelt
Mon Mar 16 20:48:25 2020,DeferredAuthentication.java,Joakim Erdfelt
Mon Mar 16 20:48:25 2020,DigestAuthenticator.java,Joakim Erdfelt
Mon Mar 16 20:48:25 2020,FormAuthenticator.java,Joakim Erdfelt
Mon Mar 16 20:48:25 2020,LoginAuthenticator.java,Joakim Erdfelt
Mon Mar 16 20:48:25 2020,SessionAuthentication.java,Joakim Erdfelt
Mon Mar 16 20:48:25 2020,jetty-logging.properties,Joakim Erdfelt
Mon Mar 16 20:48:25 2020,bytebufferpool.mod,Joakim Erdfelt
Mon Mar 16 20:48:25 2020,server.mod,Joakim Erdfelt
Mon Mar 16 20:48:25 2020,threadpool.mod,Joakim Erdfelt
Mon Mar 16 20:48:25 2020,module-info.java,Joakim Erdfelt
Mon Mar 16 20:48:25 2020,AbstractConnector.java,Joakim Erdfelt
Mon Mar 16 20:48:25 2020,AbstractNetworkConnector.java,Joakim Erdfelt
Mon Mar 16 20:48:25 2020,AcceptRateLimit.java,Joakim Erdfelt
Mon Mar 16 20:48:25 2020,AsyncRequestLogWriter.java,Joakim Erdfelt
Mon Mar 16 20:48:25 2020,CachedContentFactory.java,Joakim Erdfelt
Mon Mar 16 20:48:25 2020,ConnectionLimit.java,Joakim Erdfelt
Mon Mar 16 20:48:25 2020,Cookies.java,Joakim Erdfelt
Mon Mar 16 20:48:25 2020,CustomRequestLog.java,Joakim Erdfelt
Mon Mar 16 20:48:25 2020,DebugListener.java,Joakim Erdfelt
Mon Mar 16 20:48:25 2020,DetectorConnectionFactory.java,Joakim Erdfelt
Mon Mar 16 20:48:25 2020,Dispatcher.java,Joakim Erdfelt
Mon Mar 16 20:48:25 2020,HomeBaseWarning.java,Joakim Erdfelt
Mon Mar 16 20:48:25 2020,HttpChannel.java,Joakim Erdfelt
Mon Mar 16 20:48:25 2020,HttpChannelListeners.java,Joakim Erdfelt
Mon Mar 16 20:48:25 2020,HttpChannelOverHttp.java,Joakim Erdfelt
Mon Mar 16 20:48:25 2020,HttpChannelState.java,Joakim Erdfelt
Mon Mar 16 20:48:25 2020,HttpConnection.java,Joakim Erdfelt
Mon Mar 16 20:48:25 2020,HttpInput.java,Joakim Erdfelt
Mon Mar 16 20:48:25 2020,HttpOutput.java,Joakim Erdfelt
Mon Mar 16 20:48:25 2020,InclusiveByteRange.java,Joakim Erdfelt
Mon Mar 16 20:48:25 2020,LocalConnector.java,Joakim Erdfelt
Mon Mar 16 20:48:25 2020,LowResourceMonitor.java,Joakim Erdfelt
Mon Mar 16 20:48:25 2020,MultiPartFormInputStream.java,Joakim Erdfelt
Mon Mar 16 20:48:25 2020,MultiPartParser.java,Joakim Erdfelt
Mon Mar 16 20:48:25 2020,NegotiatingServerConnection.java,Joakim Erdfelt
Mon Mar 16 20:48:25 2020,OptionalSslConnectionFactory.java,Joakim Erdfelt
Mon Mar 16 20:48:25 2020,ProxyConnectionFactory.java,Joakim Erdfelt
Mon Mar 16 20:48:25 2020,PushBuilderImpl.java,Joakim Erdfelt
Mon Mar 16 20:48:25 2020,Request.java,Joakim Erdfelt
Mon Mar 16 20:48:25 2020,RequestLogWriter.java,Joakim Erdfelt
Mon Mar 16 20:48:25 2020,ResourceService.java,Joakim Erdfelt
Mon Mar 16 20:48:25 2020,Response.java,Joakim Erdfelt
Mon Mar 16 20:48:25 2020,ResponseWriter.java,Joakim Erdfelt
Mon Mar 16 20:48:25 2020,SameFileAliasChecker.java,Joakim Erdfelt
Mon Mar 16 20:48:25 2020,SecureRequestCustomizer.java,Joakim Erdfelt
Mon Mar 16 20:48:25 2020,Server.java,Joakim Erdfelt
Mon Mar 16 20:48:25 2020,ServerConnector.java,Joakim Erdfelt
Mon Mar 16 20:48:25 2020,AbstractHandler.java,Joakim Erdfelt
Mon Mar 16 20:48:25 2020,AbstractHandlerContainer.java,Joakim Erdfelt
Mon Mar 16 20:48:25 2020,AllowSymLinkAliasChecker.java,Joakim Erdfelt
Mon Mar 16 20:48:25 2020,BufferedResponseHandler.java,Joakim Erdfelt
Mon Mar 16 20:48:25 2020,ContextHandler.java,Joakim Erdfelt
Mon Mar 16 20:48:25 2020,ContextHandlerCollection.java,Joakim Erdfelt
Mon Mar 16 20:48:25 2020,DefaultHandler.java,Joakim Erdfelt
Mon Mar 16 20:48:25 2020,ErrorHandler.java,Joakim Erdfelt
Mon Mar 16 20:48:25 2020,InetAccessHandler.java,Joakim Erdfelt
Mon Mar 16 20:48:25 2020,ManagedAttributeListener.java,Joakim Erdfelt
Mon Mar 16 20:48:25 2020,ResourceHandler.java,Joakim Erdfelt
Mon Mar 16 20:48:25 2020,ShutdownHandler.java,Joakim Erdfelt
Mon Mar 16 20:48:25 2020,StatisticsHandler.java,Joakim Erdfelt
Mon Mar 16 20:48:25 2020,ThreadLimitHandler.java,Joakim Erdfelt
Mon Mar 16 20:48:25 2020,GzipHandler.java,Joakim Erdfelt
Mon Mar 16 20:48:25 2020,GzipHttpOutputInterceptor.java,Joakim Erdfelt
Mon Mar 16 20:48:25 2020,AbstractHandlerMBean.java,Joakim Erdfelt
Mon Mar 16 20:48:25 2020,HttpContentRangeWriter.java,Joakim Erdfelt
Mon Mar 16 20:48:25 2020,AbstractSessionCache.java,Joakim Erdfelt
Mon Mar 16 20:48:25 2020,AbstractSessionDataStore.java,Joakim Erdfelt
Mon Mar 16 20:48:25 2020,CachingSessionDataStore.java,Joakim Erdfelt
Mon Mar 16 20:48:25 2020,DatabaseAdaptor.java,Joakim Erdfelt
Mon Mar 16 20:48:25 2020,DefaultSessionCache.java,Joakim Erdfelt
Mon Mar 16 20:48:25 2020,DefaultSessionIdManager.java,Joakim Erdfelt
Mon Mar 16 20:48:25 2020,FileSessionDataStore.java,Joakim Erdfelt
Mon Mar 16 20:48:25 2020,HouseKeeper.java,Joakim Erdfelt
Mon Mar 16 20:48:25 2020,JDBCSessionDataStore.java,Joakim Erdfelt
Mon Mar 16 20:48:25 2020,NullSessionCache.java,Joakim Erdfelt
Mon Mar 16 20:48:25 2020,NullSessionCacheFactory.java,Joakim Erdfelt
Mon Mar 16 20:48:25 2020,Session.java,Joakim Erdfelt
Mon Mar 16 20:48:25 2020,SessionData.java,Joakim Erdfelt
Mon Mar 16 20:48:25 2020,SessionHandler.java,Joakim Erdfelt
Mon Mar 16 20:48:25 2020,AsyncStressTest.java,Joakim Erdfelt
Mon Mar 16 20:48:25 2020,ConnectorTimeoutTest.java,Joakim Erdfelt
Mon Mar 16 20:48:25 2020,CustomResourcesMonitorTest.java,Joakim Erdfelt
Mon Mar 16 20:48:25 2020,DumpHandler.java,Joakim Erdfelt
Mon Mar 16 20:48:25 2020,HttpConnectionTest.java,Joakim Erdfelt
Mon Mar 16 20:48:25 2020,HttpServerTestBase.java,Joakim Erdfelt
Mon Mar 16 20:48:25 2020,HttpServerTestFixture.java,Joakim Erdfelt
Mon Mar 16 20:48:25 2020,LocalAsyncContextTest.java,Joakim Erdfelt
Mon Mar 16 20:48:25 2020,NotAcceptingTest.java,Joakim Erdfelt
Mon Mar 16 20:48:25 2020,RequestTest.java,Joakim Erdfelt
Mon Mar 16 20:48:25 2020,ResponseTest.java,Joakim Erdfelt
Mon Mar 16 20:48:25 2020,StopTest.java,Joakim Erdfelt
Mon Mar 16 20:48:25 2020,StressTest.java,Joakim Erdfelt
Mon Mar 16 20:48:25 2020,InetAccessHandlerTest.java,Joakim Erdfelt
Mon Mar 16 20:48:25 2020,NcsaRequestLogTest.java,Joakim Erdfelt
Mon Mar 16 20:48:25 2020,SelectChannelServerSslTest.java,Joakim Erdfelt
Mon Mar 16 20:48:25 2020,SlowClientsTest.java,Joakim Erdfelt
Mon Mar 16 20:48:25 2020,pom.xml,Joakim Erdfelt
Mon Mar 16 20:48:25 2020,BaseHolder.java,Joakim Erdfelt
Mon Mar 16 20:48:25 2020,DefaultServlet.java,Joakim Erdfelt
Mon Mar 16 20:48:25 2020,ErrorPageErrorHandler.java,Joakim Erdfelt
Mon Mar 16 20:48:25 2020,FilterHolder.java,Joakim Erdfelt
Mon Mar 16 20:48:25 2020,Holder.java,Joakim Erdfelt
Mon Mar 16 20:48:25 2020,Invoker.java,Joakim Erdfelt
Mon Mar 16 20:48:25 2020,ListenerHolder.java,Joakim Erdfelt
Mon Mar 16 20:48:25 2020,ServletContextHandler.java,Joakim Erdfelt
Mon Mar 16 20:48:25 2020,ServletHandler.java,Joakim Erdfelt
Mon Mar 16 20:48:25 2020,ServletHolder.java,Joakim Erdfelt
Mon Mar 16 20:48:25 2020,Source.java,Joakim Erdfelt
Mon Mar 16 20:48:25 2020,StatisticsServlet.java,Joakim Erdfelt
Mon Mar 16 20:48:25 2020,ELContextCleaner.java,Joakim Erdfelt
Mon Mar 16 20:48:25 2020,AsyncServletIOTest.java,Joakim Erdfelt
Mon Mar 16 20:48:25 2020,DispatcherTest.java,Joakim Erdfelt
Mon Mar 16 20:48:25 2020,ErrorPageTest.java,Joakim Erdfelt
Mon Mar 16 20:48:25 2020,ListenerHolderTest.java,Joakim Erdfelt
Mon Mar 16 20:48:25 2020,MultiPartServletTest.java,Joakim Erdfelt
Mon Mar 16 20:48:25 2020,PostServletTest.java,Joakim Erdfelt
Mon Mar 16 20:48:25 2020,ServletContextHandlerTest.java,Joakim Erdfelt
Mon Mar 16 20:48:25 2020,ServletRequestLogTest.java,Joakim Erdfelt
Mon Mar 16 20:48:25 2020,ServletTester.java,Joakim Erdfelt
Mon Mar 16 20:48:25 2020,pom.xml,Joakim Erdfelt
Mon Mar 16 20:48:25 2020,CGI.java,Joakim Erdfelt
Mon Mar 16 20:48:25 2020,CrossOriginFilter.java,Joakim Erdfelt
Mon Mar 16 20:48:25 2020,DoSFilter.java,Joakim Erdfelt
Mon Mar 16 20:48:25 2020,HeaderFilter.java,Joakim Erdfelt
Mon Mar 16 20:48:25 2020,IncludeExcludeBasedFilter.java,Joakim Erdfelt
Mon Mar 16 20:48:25 2020,PushCacheFilter.java,Joakim Erdfelt
Mon Mar 16 20:48:25 2020,PushSessionCacheFilter.java,Joakim Erdfelt
Mon Mar 16 20:48:25 2020,QoSFilter.java,Joakim Erdfelt
Mon Mar 16 20:48:25 2020,AsyncManipFilter.java,Joakim Erdfelt
Mon Mar 16 20:48:25 2020,GzipTester.java,Joakim Erdfelt
Mon Mar 16 20:48:25 2020,QoSFilterTest.java,Joakim Erdfelt
Mon Mar 16 20:48:25 2020,test.svg,Joakim Erdfelt
Mon Mar 16 20:48:25 2020,pom.xml,Joakim Erdfelt
Mon Mar 16 20:48:25 2020,pom.xml,Joakim Erdfelt
Mon Mar 16 20:48:25 2020,SpringConfigurationProcessor.java,Joakim Erdfelt
Mon Mar 16 20:48:25 2020,pom.xml,Joakim Erdfelt
Mon Mar 16 20:48:25 2020,HttpClientTransportOverUnixSockets.java,Joakim Erdfelt
Mon Mar 16 20:48:25 2020,UnixSocketTest.java,Joakim Erdfelt
Mon Mar 16 20:48:25 2020,pom.xml,Joakim Erdfelt
Mon Mar 16 20:48:25 2020,UnixSocketEndPoint.java,Joakim Erdfelt
Mon Mar 16 20:48:25 2020,UnixSocketConnector.java,Joakim Erdfelt
Mon Mar 16 20:48:25 2020,pom.xml,Joakim Erdfelt
Mon Mar 16 20:48:25 2020,JSON.java,Joakim Erdfelt
Mon Mar 16 20:48:25 2020,JSONDateConvertor.java,Joakim Erdfelt
Mon Mar 16 20:48:25 2020,JSONEnumConvertor.java,Joakim Erdfelt
Mon Mar 16 20:48:25 2020,JSONPojoConvertor.java,Joakim Erdfelt
Mon Mar 16 20:48:25 2020,JSONPojoConvertorFactory.java,Joakim Erdfelt
Mon Mar 16 20:48:25 2020,pom.xml,Joakim Erdfelt
Mon Mar 16 20:48:25 2020,module-info.java,Joakim Erdfelt
Mon Mar 16 20:48:25 2020,BufferUtil.java,Joakim Erdfelt
Mon Mar 16 20:48:25 2020,DecoratedObjectFactory.java,Joakim Erdfelt
Mon Mar 16 20:48:25 2020,DeprecationWarning.java,Joakim Erdfelt
Mon Mar 16 20:48:25 2020,HostPort.java,Joakim Erdfelt
Mon Mar 16 20:48:25 2020,IO.java,Joakim Erdfelt
Mon Mar 16 20:48:25 2020,Jetty.java,Joakim Erdfelt
Mon Mar 16 20:48:25 2020,LeakDetector.java,Joakim Erdfelt
Mon Mar 16 20:48:25 2020,PathWatcher.java,Joakim Erdfelt
Mon Mar 16 20:48:25 2020,Promise.java,Joakim Erdfelt
Mon Mar 16 20:48:25 2020,Scanner.java,Joakim Erdfelt
Mon Mar 16 20:48:25 2020,SharedBlockingCallback.java,Joakim Erdfelt
Mon Mar 16 20:48:25 2020,SocketAddressResolver.java,Joakim Erdfelt
Mon Mar 16 20:48:25 2020,TypeUtil.java,Joakim Erdfelt
Mon Mar 16 20:48:25 2020,URIUtil.java,Joakim Erdfelt
Mon Mar 16 20:48:25 2020,UrlEncoded.java,Joakim Erdfelt
Mon Mar 16 20:48:25 2020,Utf8Appendable.java,Joakim Erdfelt
Mon Mar 16 20:48:25 2020,AbstractLifeCycle.java,Joakim Erdfelt
Mon Mar 16 20:48:25 2020,ContainerLifeCycle.java,Joakim Erdfelt
Mon Mar 16 20:48:25 2020,FileDestroyable.java,Joakim Erdfelt
Mon Mar 16 20:48:25 2020,FileNoticeLifeCycleListener.java,Joakim Erdfelt
Mon Mar 16 20:48:25 2020,Graceful.java,Joakim Erdfelt
Mon Mar 16 20:48:25 2020,StopLifeCycle.java,Joakim Erdfelt
Mon Mar 16 20:48:25 2020,AbstractLeakPreventer.java,Joakim Erdfelt
Mon Mar 16 20:48:25 2020,DOMLeakPreventer.java,Joakim Erdfelt
Mon Mar 16 20:48:25 2020,GCThreadLeakPreventer.java,Joakim Erdfelt
Mon Mar 16 20:48:25 2020,Java2DLeakPreventer.java,Joakim Erdfelt
Mon Mar 16 20:48:25 2020,LDAPLeakPreventer.java,Joakim Erdfelt
Mon Mar 16 20:48:25 2020,LoginConfigurationLeakPreventer.java,Joakim Erdfelt
Mon Mar 16 20:48:25 2020,JarFileResource.java,Joakim Erdfelt
Mon Mar 16 20:48:25 2020,JarResource.java,Joakim Erdfelt
Mon Mar 16 20:48:25 2020,PathResource.java,Joakim Erdfelt
Mon Mar 16 20:48:25 2020,Resource.java,Joakim Erdfelt
Mon Mar 16 20:48:25 2020,URLResource.java,Joakim Erdfelt
Mon Mar 16 20:48:25 2020,CertificateValidator.java,Joakim Erdfelt
Mon Mar 16 20:48:25 2020,Credential.java,Joakim Erdfelt
Mon Mar 16 20:48:25 2020,Password.java,Joakim Erdfelt
Mon Mar 16 20:48:25 2020,SniX509ExtendedKeyManager.java,Joakim Erdfelt
Mon Mar 16 20:48:25 2020,SslContextFactory.java,Joakim Erdfelt
Mon Mar 16 20:48:25 2020,X509.java,Joakim Erdfelt
Mon Mar 16 20:48:25 2020,QueuedThreadPool.java,Joakim Erdfelt
Mon Mar 16 20:48:25 2020,ReservedThreadExecutor.java,Joakim Erdfelt
Mon Mar 16 20:48:25 2020,SerializedExecutor.java,Joakim Erdfelt
Mon Mar 16 20:48:25 2020,ShutdownThread.java,Joakim Erdfelt
Mon Mar 16 20:48:25 2020,Sweeper.java,Joakim Erdfelt
Mon Mar 16 20:48:25 2020,ThreadPoolBudget.java,Joakim Erdfelt
Mon Mar 16 20:48:25 2020,TimerScheduler.java,Joakim Erdfelt
Mon Mar 16 20:48:25 2020,EatWhatYouKill.java,Joakim Erdfelt
Mon Mar 16 20:48:25 2020,ExecuteProduceConsume.java,Joakim Erdfelt
Mon Mar 16 20:48:25 2020,ProduceConsume.java,Joakim Erdfelt
Mon Mar 16 20:48:25 2020,ProduceExecuteConsume.java,Joakim Erdfelt
Mon Mar 16 20:48:25 2020,BufferUtilTest.java,Joakim Erdfelt
Mon Mar 16 20:48:25 2020,HostPortTest.java,Joakim Erdfelt
Mon Mar 16 20:48:25 2020,PathWatcherDemo.java,Joakim Erdfelt
Mon Mar 16 20:48:25 2020,PathWatcherTest.java,Joakim Erdfelt
Mon Mar 16 20:48:25 2020,QueueBenchmarkTest.java,Joakim Erdfelt
Mon Mar 16 20:48:25 2020,SharedBlockingCallbackTest.java,Joakim Erdfelt
Mon Mar 16 20:48:25 2020,URIUtilTest.java,Joakim Erdfelt
Mon Mar 16 20:48:25 2020,UrlEncodedUtf8Test.java,Joakim Erdfelt
Mon Mar 16 20:48:25 2020,PathResourceTest.java,Joakim Erdfelt
Mon Mar 16 20:48:25 2020,ResourceAliasTest.java,Joakim Erdfelt
Mon Mar 16 20:48:25 2020,EatWhatYouKillTest.java,Joakim Erdfelt
Mon Mar 16 20:48:25 2020,QueuedThreadPoolTest.java,Joakim Erdfelt
Mon Mar 16 20:48:25 2020,SweeperTest.java,Joakim Erdfelt
Mon Mar 16 20:48:25 2020,pom.xml,Joakim Erdfelt
Mon Mar 16 20:48:25 2020,CachingWebAppClassLoader.java,Joakim Erdfelt
Mon Mar 16 20:48:25 2020,ClassMatcher.java,Joakim Erdfelt
Mon Mar 16 20:48:25 2020,Configurations.java,Joakim Erdfelt
Mon Mar 16 20:48:25 2020,Descriptor.java,Joakim Erdfelt
Mon Mar 16 20:48:25 2020,DiscoveredAnnotation.java,Joakim Erdfelt
Mon Mar 16 20:48:25 2020,JaasConfiguration.java,Joakim Erdfelt
Mon Mar 16 20:48:25 2020,JettyWebXmlConfiguration.java,Joakim Erdfelt
Mon Mar 16 20:48:25 2020,JmxConfiguration.java,Joakim Erdfelt
Mon Mar 16 20:48:25 2020,JndiConfiguration.java,Joakim Erdfelt
Mon Mar 16 20:48:25 2020,JspConfiguration.java,Joakim Erdfelt
Mon Mar 16 20:48:25 2020,MetaData.java,Joakim Erdfelt
Mon Mar 16 20:48:25 2020,MetaInfConfiguration.java,Joakim Erdfelt
Mon Mar 16 20:48:25 2020,ServletsConfiguration.java,Joakim Erdfelt
Mon Mar 16 20:48:25 2020,StandardDescriptorProcessor.java,Joakim Erdfelt
Mon Mar 16 20:48:25 2020,WebAppClassLoader.java,Joakim Erdfelt
Mon Mar 16 20:48:25 2020,WebAppContext.java,Joakim Erdfelt
Mon Mar 16 20:48:25 2020,WebDescriptor.java,Joakim Erdfelt
Mon Mar 16 20:48:25 2020,WebInfConfiguration.java,Joakim Erdfelt
Mon Mar 16 20:48:25 2020,WebXmlConfiguration.java,Joakim Erdfelt
Mon Mar 16 20:48:25 2020,TestAnnotation.java,Joakim Erdfelt
Mon Mar 16 20:48:25 2020,TestMetaData.java,Joakim Erdfelt
Mon Mar 16 20:48:25 2020,pom.xml,Joakim Erdfelt
Mon Mar 16 20:48:25 2020,AbstractExtension.java,Joakim Erdfelt
Mon Mar 16 20:48:25 2020,Frame.java,Joakim Erdfelt
Mon Mar 16 20:48:25 2020,MessageHandler.java,Joakim Erdfelt
Mon Mar 16 20:48:25 2020,ClientUpgradeRequest.java,Joakim Erdfelt
Mon Mar 16 20:48:25 2020,HttpClientProvider.java,Joakim Erdfelt
Mon Mar 16 20:48:25 2020,WebSocketCoreClient.java,Joakim Erdfelt
Mon Mar 16 20:48:25 2020,XmlHttpClientProvider.java,Joakim Erdfelt
Mon Mar 16 20:48:25 2020,ExtensionStack.java,Joakim Erdfelt
Mon Mar 16 20:48:25 2020,FragmentExtension.java,Joakim Erdfelt
Mon Mar 16 20:48:25 2020,FragmentingFlusher.java,Joakim Erdfelt
Mon Mar 16 20:48:25 2020,FrameCaptureExtension.java,Joakim Erdfelt
Mon Mar 16 20:48:25 2020,FrameFlusher.java,Joakim Erdfelt
Mon Mar 16 20:48:25 2020,Parser.java,Joakim Erdfelt
Mon Mar 16 20:48:25 2020,PerMessageDeflateExtension.java,Joakim Erdfelt
Mon Mar 16 20:48:25 2020,TransformingFlusher.java,Joakim Erdfelt
Mon Mar 16 20:48:25 2020,ValidationExtension.java,Joakim Erdfelt
Mon Mar 16 20:48:25 2020,WebSocketConnection.java,Joakim Erdfelt
Mon Mar 16 20:48:25 2020,WebSocketCoreSession.java,Joakim Erdfelt
Mon Mar 16 20:48:25 2020,WebSocketUpgradeHandler.java,Joakim Erdfelt
Mon Mar 16 20:48:25 2020,AbstractHandshaker.java,Joakim Erdfelt
Mon Mar 16 20:48:25 2020,GeneratorTest.java,Joakim Erdfelt
Mon Mar 16 20:48:25 2020,TestAsyncFrameHandler.java,Joakim Erdfelt
Mon Mar 16 20:48:25 2020,TestFrameHandler.java,Joakim Erdfelt
Mon Mar 16 20:48:25 2020,TestMessageHandler.java,Joakim Erdfelt
Mon Mar 16 20:48:25 2020,WebSocketCloseTest.java,Joakim Erdfelt
Mon Mar 16 20:48:25 2020,WebSocketOpenTest.java,Joakim Erdfelt
Mon Mar 16 20:48:25 2020,CoreAutobahnClient.java,Joakim Erdfelt
Mon Mar 16 20:48:25 2020,ChatWebSocketClient.java,Joakim Erdfelt
Mon Mar 16 20:48:25 2020,WebSocketClientServerTest.java,Joakim Erdfelt
Mon Mar 16 20:48:25 2020,ExtensionStackTest.java,Joakim Erdfelt
Mon Mar 16 20:48:25 2020,FrameFlusherTest.java,Joakim Erdfelt
Mon Mar 16 20:48:25 2020,WebSocketProxy.java,Joakim Erdfelt
Mon Mar 16 20:48:25 2020,WebSocketServerTest.java,Joakim Erdfelt
Mon Mar 16 20:48:25 2020,JavaxWebSocketAsyncRemote.java,Joakim Erdfelt
Mon Mar 16 20:48:25 2020,JavaxWebSocketBasicRemote.java,Joakim Erdfelt
Mon Mar 16 20:48:25 2020,JavaxWebSocketContainer.java,Joakim Erdfelt
Mon Mar 16 20:48:25 2020,JavaxWebSocketFrameHandler.java,Joakim Erdfelt
Mon Mar 16 20:48:25 2020,JavaxWebSocketRemoteEndpoint.java,Joakim Erdfelt
Mon Mar 16 20:48:25 2020,JavaxWebSocketSession.java,Joakim Erdfelt
Mon Mar 16 20:48:25 2020,SessionTracker.java,Joakim Erdfelt
Mon Mar 16 20:48:25 2020,DecodedMessageSink.java,Joakim Erdfelt
Mon Mar 16 20:48:25 2020,AbstractStringEndpoint.java,Joakim Erdfelt
Mon Mar 16 20:48:25 2020,websocket-javax.mod,Joakim Erdfelt
Mon Mar 16 20:48:25 2020,ContainerDefaultConfigurator.java,Joakim Erdfelt
Mon Mar 16 20:48:25 2020,JavaxWebSocketServletContainerInitializer.java,Joakim Erdfelt
Mon Mar 16 20:48:25 2020,JavaxWebSocketCreator.java,Joakim Erdfelt
Mon Mar 16 20:48:25 2020,JavaxWebSocketServerContainer.java,Joakim Erdfelt
Mon Mar 16 20:48:25 2020,JsrBrowserDebugTool.java,Joakim Erdfelt
Mon Mar 16 20:48:25 2020,JsrBrowserSocket.java,Joakim Erdfelt
Mon Mar 16 20:48:25 2020,WebSocketServerExamplesTest.java,Joakim Erdfelt
Mon Mar 16 20:48:25 2020,pom.xml,Joakim Erdfelt
Mon Mar 16 20:48:25 2020,EventSocket.java,Joakim Erdfelt
Mon Mar 16 20:48:25 2020,Fuzzer.java,Joakim Erdfelt
Mon Mar 16 20:48:25 2020,LocalServer.java,Joakim Erdfelt
Mon Mar 16 20:48:25 2020,WSEndpointTracker.java,Joakim Erdfelt
Mon Mar 16 20:48:25 2020,WSEventTracker.java,Joakim Erdfelt
Mon Mar 16 20:48:25 2020,WSServer.java,Joakim Erdfelt
Mon Mar 16 20:48:25 2020,FrameEcho.java,Joakim Erdfelt
Mon Mar 16 20:48:25 2020,JavaxAutobahnClient.java,Joakim Erdfelt
Mon Mar 16 20:48:25 2020,JavaxAutobahnSocket.java,Joakim Erdfelt
Mon Mar 16 20:48:25 2020,MessageReceivingTest.java,Joakim Erdfelt
Mon Mar 16 20:48:25 2020,QuotesDecoder.java,Joakim Erdfelt
Mon Mar 16 20:48:25 2020,QuotesDecoder.java,Joakim Erdfelt
Mon Mar 16 20:48:25 2020,QuotesDecoderTest.java,Joakim Erdfelt
Mon Mar 16 20:48:25 2020,BinaryStreamTest.java,Joakim Erdfelt
Mon Mar 16 20:48:25 2020,ConfiguratorTest.java,Joakim Erdfelt
Mon Mar 16 20:48:25 2020,EndpointViaConfigTest.java,Joakim Erdfelt
Mon Mar 16 20:48:25 2020,InputStreamEchoTest.java,Joakim Erdfelt
Mon Mar 16 20:48:25 2020,PartialEchoTest.java,Joakim Erdfelt
Mon Mar 16 20:48:25 2020,PongSocket.java,Joakim Erdfelt
Mon Mar 16 20:48:25 2020,PrimitivesBinaryEchoTest.java,Joakim Erdfelt
Mon Mar 16 20:48:25 2020,PrimitivesTextEchoTest.java,Joakim Erdfelt
Mon Mar 16 20:48:25 2020,ReaderEchoTest.java,Joakim Erdfelt
Mon Mar 16 20:48:25 2020,StreamTest.java,Joakim Erdfelt
Mon Mar 16 20:48:25 2020,TextStreamTest.java,Joakim Erdfelt
Mon Mar 16 20:48:25 2020,UriTemplateParameterTest.java,Joakim Erdfelt
Mon Mar 16 20:48:25 2020,ByteBufferSocket.java,Joakim Erdfelt
Mon Mar 16 20:48:25 2020,DateTextSocket.java,Joakim Erdfelt
Mon Mar 16 20:48:25 2020,ByteBufferSocket.java,Joakim Erdfelt
Mon Mar 16 20:48:25 2020,PartialTextSessionSocket.java,Joakim Erdfelt
Mon Mar 16 20:48:25 2020,PartialTextSocket.java,Joakim Erdfelt
Mon Mar 16 20:48:25 2020,BooleanObjectTextParamSocket.java,Joakim Erdfelt
Mon Mar 16 20:48:25 2020,BooleanObjectTextSocket.java,Joakim Erdfelt
Mon Mar 16 20:48:25 2020,BooleanTextParamSocket.java,Joakim Erdfelt
Mon Mar 16 20:48:25 2020,BooleanTextSocket.java,Joakim Erdfelt
Mon Mar 16 20:48:25 2020,ByteObjectTextSocket.java,Joakim Erdfelt
Mon Mar 16 20:48:25 2020,ByteTextSocket.java,Joakim Erdfelt
Mon Mar 16 20:48:25 2020,CharTextSocket.java,Joakim Erdfelt
Mon Mar 16 20:48:25 2020,CharacterObjectTextSocket.java,Joakim Erdfelt
Mon Mar 16 20:48:25 2020,DoubleObjectTextSocket.java,Joakim Erdfelt
Mon Mar 16 20:48:25 2020,DoubleTextSocket.java,Joakim Erdfelt
Mon Mar 16 20:48:25 2020,FloatObjectTextSocket.java,Joakim Erdfelt
Mon Mar 16 20:48:25 2020,FloatTextSocket.java,Joakim Erdfelt
Mon Mar 16 20:48:25 2020,IntParamTextSocket.java,Joakim Erdfelt
Mon Mar 16 20:48:25 2020,IntTextSocket.java,Joakim Erdfelt
Mon Mar 16 20:48:25 2020,IntegerObjectParamTextSocket.java,Joakim Erdfelt
Mon Mar 16 20:48:25 2020,IntegerObjectTextSocket.java,Joakim Erdfelt
Mon Mar 16 20:48:25 2020,LongObjectTextSocket.java,Joakim Erdfelt
Mon Mar 16 20:48:25 2020,LongTextSocket.java,Joakim Erdfelt
Mon Mar 16 20:48:25 2020,ShortObjectTextSocket.java,Joakim Erdfelt
Mon Mar 16 20:48:25 2020,ShortTextSocket.java,Joakim Erdfelt
Mon Mar 16 20:48:25 2020,InputStreamSocket.java,Joakim Erdfelt
Mon Mar 16 20:48:25 2020,ReaderParamSocket.java,Joakim Erdfelt
Mon Mar 16 20:48:25 2020,ReaderSocket.java,Joakim Erdfelt
Mon Mar 16 20:48:25 2020,StringReturnReaderParamSocket.java,Joakim Erdfelt
Mon Mar 16 20:48:25 2020,WebSocketClient.java,Joakim Erdfelt
Mon Mar 16 20:48:25 2020,JettyWebSocketFrameHandler.java,Joakim Erdfelt
Mon Mar 16 20:48:25 2020,JettyWebSocketRemoteEndpoint.java,Joakim Erdfelt
Mon Mar 16 20:48:25 2020,WebSocketSession.java,Joakim Erdfelt
Mon Mar 16 20:48:25 2020,MessageOutputStreamTest.java,Joakim Erdfelt
Mon Mar 16 20:48:25 2020,OutgoingMessageCapture.java,Joakim Erdfelt
Mon Mar 16 20:48:25 2020,websocket-jetty.mod,Joakim Erdfelt
Mon Mar 16 20:48:25 2020,JettyWebSocketServerContainer.java,Joakim Erdfelt
Mon Mar 16 20:48:25 2020,JettyWebSocketConfiguration.java,Joakim Erdfelt
Mon Mar 16 20:48:25 2020,JettyWebSocketServletContainerInitializer.java,Joakim Erdfelt
Mon Mar 16 20:48:25 2020,BrowserDebugTool.java,Joakim Erdfelt
Mon Mar 16 20:48:25 2020,BrowserSocket.java,Joakim Erdfelt
Mon Mar 16 20:48:25 2020,pom.xml,Joakim Erdfelt
Mon Mar 16 20:48:25 2020,CloseTrackingEndpoint.java,Joakim Erdfelt
Mon Mar 16 20:48:25 2020,EventSocket.java,Joakim Erdfelt
Mon Mar 16 20:48:25 2020,JettyAutobahnClient.java,Joakim Erdfelt
Mon Mar 16 20:48:25 2020,BadNetworkTest.java,Joakim Erdfelt
Mon Mar 16 20:48:25 2020,ClientCloseTest.java,Joakim Erdfelt
Mon Mar 16 20:48:25 2020,ClientWriteThread.java,Joakim Erdfelt
Mon Mar 16 20:48:25 2020,AbstractCloseEndpoint.java,Joakim Erdfelt
Mon Mar 16 20:48:25 2020,SlowServerEndpoint.java,Joakim Erdfelt
Mon Mar 16 20:48:25 2020,FutureWriteCallback.java,Joakim Erdfelt
Mon Mar 16 20:48:25 2020,WebSocketMapping.java,Joakim Erdfelt
Mon Mar 16 20:48:25 2020,WebSocketServlet.java,Joakim Erdfelt
Mon Mar 16 20:48:25 2020,WebSocketUpgradeFilter.java,Joakim Erdfelt
Mon Mar 16 20:48:25 2020,MessageInputStream.java,Joakim Erdfelt
Mon Mar 16 20:48:25 2020,MessageOutputStream.java,Joakim Erdfelt
Mon Mar 16 20:48:25 2020,pom.xml,Joakim Erdfelt
Mon Mar 16 20:48:25 2020,XmlConfiguration.java,Joakim Erdfelt
Mon Mar 16 20:48:25 2020,XmlParser.java,Joakim Erdfelt
Mon Mar 16 20:48:25 2020,jetty-avatar.svg,Joakim Erdfelt
Mon Mar 16 20:48:25 2020,jetty-logo-shadow.svg,Joakim Erdfelt
Mon Mar 16 20:48:25 2020,jetty-logo.svg,Joakim Erdfelt
Mon Mar 16 20:48:25 2020,pom.xml,Joakim Erdfelt
Mon Mar 16 20:48:25 2020,TestConnection.java,Joakim Erdfelt
Mon Mar 16 20:48:25 2020,DistributionTests.java,Joakim Erdfelt
Mon Mar 16 20:48:25 2020,pom.xml,Joakim Erdfelt
Mon Mar 16 20:48:25 2020,HttpClientLoadTest.java,Joakim Erdfelt
Mon Mar 16 20:48:25 2020,HttpClientTest.java,Joakim Erdfelt
Mon Mar 16 20:48:25 2020,ProxyWithDynamicTransportTest.java,Joakim Erdfelt
Mon Mar 16 20:48:25 2020,TransportScenario.java,Joakim Erdfelt
Mon Mar 16 20:48:25 2020,pom.xml,Joakim Erdfelt
Mon Mar 16 20:48:25 2020,FailedSelectorTest.java,Joakim Erdfelt
Mon Mar 16 20:48:25 2020,JspAndDefaultWithAliasesTest.java,Joakim Erdfelt
Mon Mar 16 20:48:25 2020,XmlBasedJettyServer.java,Joakim Erdfelt
Mon Mar 16 20:48:25 2020,HttpsSocketImpl.java,Joakim Erdfelt
Mon Mar 16 20:48:25 2020,JavaxSimpleEchoSocket.java,Joakim Erdfelt
Mon Mar 16 20:48:25 2020,JettySimpleEchoSocket.java,Joakim Erdfelt
Mon Mar 16 20:48:25 2020,CommonComponent.java,Joakim Erdfelt
Mon Mar 16 20:48:25 2020,MyContainerInitializer.java,Joakim Erdfelt
Mon Mar 16 20:48:25 2020,PingServlet.java,Joakim Erdfelt
Mon Mar 16 20:48:25 2020,PreconfigureJNDIWar.java,Joakim Erdfelt
Mon Mar 16 20:48:25 2020,PreconfigureSpecWar.java,Joakim Erdfelt
Mon Mar 16 20:48:25 2020,PreconfigureStandardTestWar.java,Joakim Erdfelt
Mon Mar 16 20:48:25 2020,QuickStartTest.java,Joakim Erdfelt
Mon Mar 16 20:48:25 2020,jetty-logging.properties,Joakim Erdfelt
Mon Mar 16 20:48:25 2020,pom.xml,Joakim Erdfelt
Mon Mar 16 20:48:25 2020,MongoTestHelper.java,Joakim Erdfelt
Mon Mar 16 20:48:25 2020,pom.xml,Joakim Erdfelt
Mon Mar 16 20:48:25 2020,AbstractSessionCacheTest.java,Joakim Erdfelt
Mon Mar 16 20:48:25 2020,DuplicateCookieTest.java,Joakim Erdfelt
Mon Mar 16 20:48:25 2020,pom.xml,Joakim Erdfelt
Mon Mar 16 20:48:25 2020,ChatServlet.java,Joakim Erdfelt
Mon Mar 16 20:48:25 2020,Dump.java,Joakim Erdfelt
Mon Mar 16 20:48:25 2020,SecureModeServlet.java,Joakim Erdfelt
Mon Mar 16 20:48:25 2020,TestFilter.java,Joakim Erdfelt
Mon Mar 16 20:48:25 2020,TestServer.java,Joakim Erdfelt
Mon Mar 16 20:48:25 2020,TestTransparentProxyServer.java,Joakim Erdfelt
Mon Mar 16 20:48:25 2020,jetty-web.xml,Joakim Erdfelt
Mon Mar 16 20:48:25 2020,web.xml,Joakim Erdfelt
Mon Mar 16 20:48:25 2020,OnCloseServerEndpoint.java,Joakim Erdfelt
Mon Mar 16 20:48:25 2020,OnOpenServerEndpoint.java,Joakim Erdfelt
