date_time,file,committer_name
Thu Nov 23 11:13:01 2017,paho-mqtt.js,Nico Rikken
