date_time,file,committer_name
Tue Jan 18 18:46:49 2022,allclasses-index.html,Peter Shipton
Tue Jan 18 18:46:49 2022,allpackages-index.html,Peter Shipton
Tue Jan 18 18:46:49 2022,constant-values.html,Peter Shipton
Tue Jan 18 18:46:49 2022,deprecated-list.html,Peter Shipton
Tue Jan 18 18:46:49 2022,help-doc.html,Peter Shipton
Tue Jan 18 18:46:49 2022,index-1.html,Peter Shipton
Tue Jan 18 18:46:49 2022,index-10.html,Peter Shipton
Tue Jan 18 18:46:49 2022,index-11.html,Peter Shipton
Tue Jan 18 18:46:49 2022,index-12.html,Peter Shipton
Tue Jan 18 18:46:49 2022,index-13.html,Peter Shipton
Tue Jan 18 18:46:49 2022,index-14.html,Peter Shipton
Tue Jan 18 18:46:49 2022,index-15.html,Peter Shipton
Tue Jan 18 18:46:49 2022,index-16.html,Peter Shipton
Tue Jan 18 18:46:49 2022,index-17.html,Peter Shipton
Tue Jan 18 18:46:49 2022,index-18.html,Peter Shipton
Tue Jan 18 18:46:49 2022,index-19.html,Peter Shipton
Tue Jan 18 18:46:49 2022,index-2.html,Peter Shipton
Tue Jan 18 18:46:49 2022,index-20.html,Peter Shipton
Tue Jan 18 18:46:49 2022,index-21.html,Peter Shipton
Tue Jan 18 18:46:49 2022,index-22.html,Peter Shipton
Tue Jan 18 18:46:49 2022,index-23.html,Peter Shipton
Tue Jan 18 18:46:49 2022,index-24.html,Peter Shipton
Tue Jan 18 18:46:49 2022,index-25.html,Peter Shipton
Tue Jan 18 18:46:49 2022,index-26.html,Peter Shipton
Tue Jan 18 18:46:49 2022,index-27.html,Peter Shipton
Tue Jan 18 18:46:49 2022,index-3.html,Peter Shipton
Tue Jan 18 18:46:49 2022,index-4.html,Peter Shipton
Tue Jan 18 18:46:49 2022,index-5.html,Peter Shipton
Tue Jan 18 18:46:49 2022,index-6.html,Peter Shipton
Tue Jan 18 18:46:49 2022,index-7.html,Peter Shipton
Tue Jan 18 18:46:49 2022,index-8.html,Peter Shipton
Tue Jan 18 18:46:49 2022,index-9.html,Peter Shipton
Tue Jan 18 18:46:49 2022,index.html,Peter Shipton
Tue Jan 18 18:46:49 2022,AvailableProcessorsNotificationInfo.html,Peter Shipton
Tue Jan 18 18:46:49 2022,CpuLoadCalculationConstants.html,Peter Shipton
Tue Jan 18 18:46:49 2022,ExtendedThreadInfo.html,Peter Shipton
Tue Jan 18 18:46:49 2022,GarbageCollectorMXBean.html,Peter Shipton
Tue Jan 18 18:46:49 2022,JvmCpuMonitorInfo.html,Peter Shipton
Tue Jan 18 18:46:49 2022,JvmCpuMonitorMXBean.html,Peter Shipton
Tue Jan 18 18:46:49 2022,MemoryMXBean.html,Peter Shipton
Tue Jan 18 18:46:49 2022,MemoryPoolMXBean.html,Peter Shipton
Tue Jan 18 18:46:49 2022,MemoryUsage.html,Peter Shipton
Tue Jan 18 18:46:49 2022,MemoryUsageRetrievalException.html,Peter Shipton
Tue Jan 18 18:46:49 2022,OperatingSystemMXBean.html,Peter Shipton
Tue Jan 18 18:46:49 2022,ProcessingCapacityNotificationInfo.html,Peter Shipton
Tue Jan 18 18:46:49 2022,ProcessorUsage.html,Peter Shipton
Tue Jan 18 18:46:49 2022,ProcessorUsageRetrievalException.html,Peter Shipton
Tue Jan 18 18:46:49 2022,RuntimeMXBean.VMIdleStates.html,Peter Shipton
Tue Jan 18 18:46:49 2022,RuntimeMXBean.html,Peter Shipton
Tue Jan 18 18:46:49 2022,ThreadMXBean.html,Peter Shipton
Tue Jan 18 18:46:49 2022,TotalPhysicalMemoryNotificationInfo.html,Peter Shipton
Tue Jan 18 18:46:49 2022,UnixOperatingSystemMXBean.html,Peter Shipton
Tue Jan 18 18:46:49 2022,AvailableProcessorsNotificationInfo.html,Peter Shipton
Tue Jan 18 18:46:49 2022,CpuLoadCalculationConstants.html,Peter Shipton
Tue Jan 18 18:46:49 2022,ExtendedThreadInfo.html,Peter Shipton
Tue Jan 18 18:46:49 2022,GarbageCollectorMXBean.html,Peter Shipton
Tue Jan 18 18:46:49 2022,JvmCpuMonitorInfo.html,Peter Shipton
Tue Jan 18 18:46:49 2022,JvmCpuMonitorMXBean.html,Peter Shipton
Tue Jan 18 18:46:49 2022,MemoryMXBean.html,Peter Shipton
Tue Jan 18 18:46:49 2022,MemoryPoolMXBean.html,Peter Shipton
Tue Jan 18 18:46:49 2022,MemoryUsage.html,Peter Shipton
Tue Jan 18 18:46:49 2022,MemoryUsageRetrievalException.html,Peter Shipton
Tue Jan 18 18:46:49 2022,OperatingSystemMXBean.html,Peter Shipton
Tue Jan 18 18:46:49 2022,ProcessingCapacityNotificationInfo.html,Peter Shipton
Tue Jan 18 18:46:49 2022,ProcessorUsage.html,Peter Shipton
Tue Jan 18 18:46:49 2022,ProcessorUsageRetrievalException.html,Peter Shipton
Tue Jan 18 18:46:49 2022,RuntimeMXBean.VMIdleStates.html,Peter Shipton
Tue Jan 18 18:46:49 2022,RuntimeMXBean.html,Peter Shipton
Tue Jan 18 18:46:49 2022,ThreadMXBean.html,Peter Shipton
Tue Jan 18 18:46:49 2022,TotalPhysicalMemoryNotificationInfo.html,Peter Shipton
Tue Jan 18 18:46:49 2022,UnixOperatingSystemMXBean.html,Peter Shipton
Tue Jan 18 18:46:49 2022,AvailableProcessorsNotificationInfoUtil.html,Peter Shipton
Tue Jan 18 18:46:49 2022,ExtendedGarbageCollectorMXBeanImpl.html,Peter Shipton
Tue Jan 18 18:46:49 2022,ExtendedMemoryMXBeanImpl.html,Peter Shipton
Tue Jan 18 18:46:49 2022,ExtendedOperatingSystemMXBeanImpl.html,Peter Shipton
Tue Jan 18 18:46:49 2022,ExtendedRuntimeMXBeanImpl.html,Peter Shipton
Tue Jan 18 18:46:49 2022,ExtendedThreadMXBeanImpl.html,Peter Shipton
Tue Jan 18 18:46:49 2022,JvmCpuMonitor.html,Peter Shipton
Tue Jan 18 18:46:49 2022,JvmCpuMonitorInfoUtil.html,Peter Shipton
Tue Jan 18 18:46:49 2022,MemoryPoolMXBeanImpl.html,Peter Shipton
Tue Jan 18 18:46:49 2022,MemoryUsageUtil.html,Peter Shipton
Tue Jan 18 18:46:49 2022,PlatformMBeanProvider.html,Peter Shipton
Tue Jan 18 18:46:49 2022,ProcessingCapacityNotificationInfoUtil.html,Peter Shipton
Tue Jan 18 18:46:49 2022,ProcessorUsageUtil.html,Peter Shipton
Tue Jan 18 18:46:49 2022,TotalPhysicalMemoryNotificationInfoUtil.html,Peter Shipton
Tue Jan 18 18:46:49 2022,UnixExtendedOperatingSystem.html,Peter Shipton
Tue Jan 18 18:46:49 2022,AvailableProcessorsNotificationInfoUtil.html,Peter Shipton
Tue Jan 18 18:46:49 2022,ExtendedGarbageCollectorMXBeanImpl.html,Peter Shipton
Tue Jan 18 18:46:49 2022,ExtendedMemoryMXBeanImpl.html,Peter Shipton
Tue Jan 18 18:46:49 2022,ExtendedOperatingSystemMXBeanImpl.html,Peter Shipton
Tue Jan 18 18:46:49 2022,ExtendedRuntimeMXBeanImpl.html,Peter Shipton
Tue Jan 18 18:46:49 2022,ExtendedThreadMXBeanImpl.html,Peter Shipton
Tue Jan 18 18:46:49 2022,JvmCpuMonitor.html,Peter Shipton
Tue Jan 18 18:46:49 2022,JvmCpuMonitorInfoUtil.html,Peter Shipton
Tue Jan 18 18:46:49 2022,MemoryPoolMXBeanImpl.html,Peter Shipton
Tue Jan 18 18:46:49 2022,MemoryUsageUtil.html,Peter Shipton
Tue Jan 18 18:46:49 2022,PlatformMBeanProvider.html,Peter Shipton
Tue Jan 18 18:46:49 2022,ProcessingCapacityNotificationInfoUtil.html,Peter Shipton
Tue Jan 18 18:46:49 2022,ProcessorUsageUtil.html,Peter Shipton
Tue Jan 18 18:46:49 2022,TotalPhysicalMemoryNotificationInfoUtil.html,Peter Shipton
Tue Jan 18 18:46:49 2022,UnixExtendedOperatingSystem.html,Peter Shipton
Tue Jan 18 18:46:49 2022,package-summary.html,Peter Shipton
Tue Jan 18 18:46:49 2022,package-tree.html,Peter Shipton
Tue Jan 18 18:46:49 2022,package-use.html,Peter Shipton
Tue Jan 18 18:46:49 2022,package-summary.html,Peter Shipton
Tue Jan 18 18:46:49 2022,package-tree.html,Peter Shipton
Tue Jan 18 18:46:49 2022,package-use.html,Peter Shipton
Tue Jan 18 18:46:49 2022,GuestOSInfoRetrievalException.html,Peter Shipton
Tue Jan 18 18:46:49 2022,GuestOSMXBean.html,Peter Shipton
Tue Jan 18 18:46:49 2022,GuestOSMemoryUsage.html,Peter Shipton
Tue Jan 18 18:46:49 2022,GuestOSProcessorUsage.html,Peter Shipton
Tue Jan 18 18:46:49 2022,HypervisorInfoRetrievalException.html,Peter Shipton
Tue Jan 18 18:46:49 2022,HypervisorMXBean.html,Peter Shipton
Tue Jan 18 18:46:49 2022,GuestOSInfoRetrievalException.html,Peter Shipton
Tue Jan 18 18:46:49 2022,GuestOSMXBean.html,Peter Shipton
Tue Jan 18 18:46:49 2022,GuestOSMemoryUsage.html,Peter Shipton
Tue Jan 18 18:46:49 2022,GuestOSProcessorUsage.html,Peter Shipton
Tue Jan 18 18:46:49 2022,HypervisorInfoRetrievalException.html,Peter Shipton
Tue Jan 18 18:46:49 2022,HypervisorMXBean.html,Peter Shipton
Tue Jan 18 18:46:49 2022,GuestOS.html,Peter Shipton
Tue Jan 18 18:46:49 2022,GuestOSMemoryUsageUtil.html,Peter Shipton
Tue Jan 18 18:46:49 2022,GuestOSProcessorUsageUtil.html,Peter Shipton
Tue Jan 18 18:46:49 2022,HypervisorMXBeanImpl.html,Peter Shipton
Tue Jan 18 18:46:49 2022,GuestOS.html,Peter Shipton
Tue Jan 18 18:46:49 2022,GuestOSMemoryUsageUtil.html,Peter Shipton
Tue Jan 18 18:46:49 2022,GuestOSProcessorUsageUtil.html,Peter Shipton
Tue Jan 18 18:46:49 2022,HypervisorMXBeanImpl.html,Peter Shipton
Tue Jan 18 18:46:49 2022,package-summary.html,Peter Shipton
Tue Jan 18 18:46:49 2022,package-tree.html,Peter Shipton
Tue Jan 18 18:46:49 2022,package-use.html,Peter Shipton
Tue Jan 18 18:46:49 2022,package-summary.html,Peter Shipton
Tue Jan 18 18:46:49 2022,package-tree.html,Peter Shipton
Tue Jan 18 18:46:49 2022,package-use.html,Peter Shipton
Tue Jan 18 18:46:49 2022,GarbageCollectionNotificationInfo.html,Peter Shipton
Tue Jan 18 18:46:49 2022,GcInfo.html,Peter Shipton
Tue Jan 18 18:46:49 2022,HotSpotDiagnosticMXBean.html,Peter Shipton
Tue Jan 18 18:46:49 2022,GarbageCollectionNotificationInfo.html,Peter Shipton
Tue Jan 18 18:46:49 2022,GcInfo.html,Peter Shipton
Tue Jan 18 18:46:49 2022,HotSpotDiagnosticMXBean.html,Peter Shipton
Tue Jan 18 18:46:49 2022,GarbageCollectionNotificationInfoUtil.html,Peter Shipton
Tue Jan 18 18:46:49 2022,GcInfoUtil.html,Peter Shipton
Tue Jan 18 18:46:49 2022,GarbageCollectionNotificationInfoUtil.html,Peter Shipton
Tue Jan 18 18:46:49 2022,GcInfoUtil.html,Peter Shipton
Tue Jan 18 18:46:49 2022,package-summary.html,Peter Shipton
Tue Jan 18 18:46:49 2022,package-tree.html,Peter Shipton
Tue Jan 18 18:46:49 2022,package-use.html,Peter Shipton
Tue Jan 18 18:46:49 2022,package-summary.html,Peter Shipton
Tue Jan 18 18:46:49 2022,package-tree.html,Peter Shipton
Tue Jan 18 18:46:49 2022,package-use.html,Peter Shipton
Tue Jan 18 18:46:49 2022,module-summary.html,Peter Shipton
Tue Jan 18 18:46:49 2022,ConfigurationUnavailableException.html,Peter Shipton
Tue Jan 18 18:46:49 2022,InvalidOptionException.html,Peter Shipton
Tue Jan 18 18:46:49 2022,OpenJ9DiagnosticsMXBean.html,Peter Shipton
Tue Jan 18 18:46:49 2022,ConfigurationUnavailableException.html,Peter Shipton
Tue Jan 18 18:46:49 2022,InvalidOptionException.html,Peter Shipton
Tue Jan 18 18:46:49 2022,OpenJ9DiagnosticsMXBean.html,Peter Shipton
Tue Jan 18 18:46:49 2022,OpenJ9DiagnosticsMXBeanImpl.html,Peter Shipton
Tue Jan 18 18:46:49 2022,OpenJ9DiagnosticsMXBeanImpl.html,Peter Shipton
Tue Jan 18 18:46:49 2022,package-summary.html,Peter Shipton
Tue Jan 18 18:46:49 2022,package-tree.html,Peter Shipton
Tue Jan 18 18:46:49 2022,package-use.html,Peter Shipton
Tue Jan 18 18:46:49 2022,package-summary.html,Peter Shipton
Tue Jan 18 18:46:49 2022,package-tree.html,Peter Shipton
Tue Jan 18 18:46:49 2022,package-use.html,Peter Shipton
Tue Jan 18 18:46:49 2022,jszip.js,Peter Shipton
Tue Jan 18 18:46:49 2022,jszip.min.js,Peter Shipton
Tue Jan 18 18:46:49 2022,Cuda.html,Peter Shipton
Tue Jan 18 18:46:49 2022,CudaBuffer.html,Peter Shipton
Tue Jan 18 18:46:49 2022,CudaDevice.CacheConfig.html,Peter Shipton
Tue Jan 18 18:46:49 2022,CudaDevice.Limit.html,Peter Shipton
Tue Jan 18 18:46:49 2022,CudaDevice.SharedMemConfig.html,Peter Shipton
Tue Jan 18 18:46:49 2022,CudaDevice.html,Peter Shipton
Tue Jan 18 18:46:49 2022,CudaError.html,Peter Shipton
Tue Jan 18 18:46:49 2022,CudaEvent.html,Peter Shipton
Tue Jan 18 18:46:49 2022,CudaException.html,Peter Shipton
Tue Jan 18 18:46:49 2022,CudaFunction.html,Peter Shipton
Tue Jan 18 18:46:49 2022,CudaGlobal.html,Peter Shipton
Tue Jan 18 18:46:49 2022,CudaGrid.html,Peter Shipton
Tue Jan 18 18:46:49 2022,CudaJitInputType.html,Peter Shipton
Tue Jan 18 18:46:49 2022,CudaJitOptions.CacheMode.html,Peter Shipton
Tue Jan 18 18:46:49 2022,CudaJitOptions.Fallback.html,Peter Shipton
Tue Jan 18 18:46:49 2022,CudaJitOptions.html,Peter Shipton
Tue Jan 18 18:46:49 2022,CudaJitTarget.html,Peter Shipton
Tue Jan 18 18:46:49 2022,CudaKernel.Parameters.html,Peter Shipton
Tue Jan 18 18:46:49 2022,CudaKernel.html,Peter Shipton
Tue Jan 18 18:46:49 2022,CudaLinker.html,Peter Shipton
Tue Jan 18 18:46:49 2022,CudaModule.Cache.html,Peter Shipton
Tue Jan 18 18:46:49 2022,CudaModule.html,Peter Shipton
Tue Jan 18 18:46:49 2022,CudaPermission.html,Peter Shipton
Tue Jan 18 18:46:49 2022,CudaStream.html,Peter Shipton
Tue Jan 18 18:46:49 2022,CudaSurface.html,Peter Shipton
Tue Jan 18 18:46:49 2022,CudaTexture.html,Peter Shipton
Tue Jan 18 18:46:49 2022,Dim3.html,Peter Shipton
Tue Jan 18 18:46:49 2022,Cuda.html,Peter Shipton
Tue Jan 18 18:46:49 2022,CudaBuffer.html,Peter Shipton
Tue Jan 18 18:46:49 2022,CudaDevice.CacheConfig.html,Peter Shipton
Tue Jan 18 18:46:49 2022,CudaDevice.Limit.html,Peter Shipton
Tue Jan 18 18:46:49 2022,CudaDevice.SharedMemConfig.html,Peter Shipton
Tue Jan 18 18:46:49 2022,CudaDevice.html,Peter Shipton
Tue Jan 18 18:46:49 2022,CudaError.html,Peter Shipton
Tue Jan 18 18:46:49 2022,CudaEvent.html,Peter Shipton
Tue Jan 18 18:46:49 2022,CudaException.html,Peter Shipton
Tue Jan 18 18:46:49 2022,CudaFunction.html,Peter Shipton
Tue Jan 18 18:46:49 2022,CudaGlobal.html,Peter Shipton
Tue Jan 18 18:46:49 2022,CudaGrid.html,Peter Shipton
Tue Jan 18 18:46:49 2022,CudaJitInputType.html,Peter Shipton
Tue Jan 18 18:46:49 2022,CudaJitOptions.CacheMode.html,Peter Shipton
Tue Jan 18 18:46:49 2022,CudaJitOptions.Fallback.html,Peter Shipton
Tue Jan 18 18:46:49 2022,CudaJitOptions.html,Peter Shipton
Tue Jan 18 18:46:49 2022,CudaJitTarget.html,Peter Shipton
Tue Jan 18 18:46:49 2022,CudaKernel.Parameters.html,Peter Shipton
Tue Jan 18 18:46:49 2022,CudaKernel.html,Peter Shipton
Tue Jan 18 18:46:49 2022,CudaLinker.html,Peter Shipton
Tue Jan 18 18:46:49 2022,CudaModule.Cache.html,Peter Shipton
Tue Jan 18 18:46:49 2022,CudaModule.html,Peter Shipton
Tue Jan 18 18:46:49 2022,CudaPermission.html,Peter Shipton
Tue Jan 18 18:46:49 2022,CudaStream.html,Peter Shipton
Tue Jan 18 18:46:49 2022,CudaSurface.html,Peter Shipton
Tue Jan 18 18:46:49 2022,CudaTexture.html,Peter Shipton
Tue Jan 18 18:46:49 2022,Dim3.html,Peter Shipton
Tue Jan 18 18:46:49 2022,CudaUtil.html,Peter Shipton
Tue Jan 18 18:46:49 2022,CudaUtil.html,Peter Shipton
Tue Jan 18 18:46:49 2022,package-summary.html,Peter Shipton
Tue Jan 18 18:46:49 2022,package-tree.html,Peter Shipton
Tue Jan 18 18:46:49 2022,package-use.html,Peter Shipton
Tue Jan 18 18:46:49 2022,package-summary.html,Peter Shipton
Tue Jan 18 18:46:49 2022,package-tree.html,Peter Shipton
Tue Jan 18 18:46:49 2022,package-use.html,Peter Shipton
Tue Jan 18 18:46:49 2022,module-summary.html,Peter Shipton
Tue Jan 18 18:46:49 2022,ByteArrayMarshaller.html,Peter Shipton
Tue Jan 18 18:46:49 2022,ByteArrayUnmarshaller.html,Peter Shipton
Tue Jan 18 18:46:49 2022,DecimalData.html,Peter Shipton
Tue Jan 18 18:46:49 2022,PackedDecimal.html,Peter Shipton
Tue Jan 18 18:46:49 2022,ByteArrayMarshaller.html,Peter Shipton
Tue Jan 18 18:46:49 2022,ByteArrayUnmarshaller.html,Peter Shipton
Tue Jan 18 18:46:49 2022,DecimalData.html,Peter Shipton
Tue Jan 18 18:46:49 2022,PackedDecimal.html,Peter Shipton
Tue Jan 18 18:46:49 2022,package-summary.html,Peter Shipton
Tue Jan 18 18:46:49 2022,package-tree.html,Peter Shipton
Tue Jan 18 18:46:49 2022,package-use.html,Peter Shipton
Tue Jan 18 18:46:49 2022,module-summary.html,Peter Shipton
Tue Jan 18 18:46:49 2022,CommonAddressSpace.html,Peter Shipton
Tue Jan 18 18:46:49 2022,DumpReaderAddressSpace.html,Peter Shipton
Tue Jan 18 18:46:49 2022,IAbstractAddressSpace.html,Peter Shipton
Tue Jan 18 18:46:49 2022,LayeredAddressSpace.html,Peter Shipton
Tue Jan 18 18:46:49 2022,SimpleAddressSpace.html,Peter Shipton
Tue Jan 18 18:46:49 2022,CommonAddressSpace.html,Peter Shipton
Tue Jan 18 18:46:49 2022,DumpReaderAddressSpace.html,Peter Shipton
Tue Jan 18 18:46:49 2022,IAbstractAddressSpace.html,Peter Shipton
Tue Jan 18 18:46:49 2022,LayeredAddressSpace.html,Peter Shipton
Tue Jan 18 18:46:49 2022,SimpleAddressSpace.html,Peter Shipton
Tue Jan 18 18:46:49 2022,package-summary.html,Peter Shipton
Tue Jan 18 18:46:49 2022,package-tree.html,Peter Shipton
Tue Jan 18 18:46:49 2022,package-use.html,Peter Shipton
Tue Jan 18 18:46:49 2022,ARReader.html,Peter Shipton
Tue Jan 18 18:46:49 2022,XCOFFReader.html,Peter Shipton
Tue Jan 18 18:46:49 2022,ARReader.html,Peter Shipton
Tue Jan 18 18:46:49 2022,XCOFFReader.html,Peter Shipton
Tue Jan 18 18:46:49 2022,package-summary.html,Peter Shipton
Tue Jan 18 18:46:49 2022,package-tree.html,Peter Shipton
Tue Jan 18 18:46:49 2022,package-use.html,Peter Shipton
Tue Jan 18 18:46:49 2022,Aix32Dump.html,Peter Shipton
Tue Jan 18 18:46:49 2022,Aix64Dump.html,Peter Shipton
Tue Jan 18 18:46:49 2022,Builder.html,Peter Shipton
Tue Jan 18 18:46:49 2022,ClosingFileReader.html,Peter Shipton
Tue Jan 18 18:46:49 2022,CoreReaderSupport.html,Peter Shipton
Tue Jan 18 18:46:49 2022,CorruptCoreException.html,Peter Shipton
Tue Jan 18 18:46:49 2022,Dump.html,Peter Shipton
Tue Jan 18 18:46:49 2022,DumpException.html,Peter Shipton
Tue Jan 18 18:46:49 2022,DumpFactory.html,Peter Shipton
Tue Jan 18 18:46:49 2022,DumpReader.html,Peter Shipton
Tue Jan 18 18:46:49 2022,GenericThread.html,Peter Shipton
Tue Jan 18 18:46:49 2022,ICoreFileReader.html,Peter Shipton
Tue Jan 18 18:46:49 2022,J9RASReader.html,Peter Shipton
Tue Jan 18 18:46:49 2022,LittleEndianDumpReader.html,Peter Shipton
Tue Jan 18 18:46:49 2022,MemoryAccessException.html,Peter Shipton
Tue Jan 18 18:46:49 2022,MemoryRange.html,Peter Shipton
Tue Jan 18 18:46:49 2022,NativeThreadContext.html,Peter Shipton
Tue Jan 18 18:46:49 2022,NewAixDump.html,Peter Shipton
Tue Jan 18 18:46:49 2022,NewElfDump.html,Peter Shipton
Tue Jan 18 18:46:49 2022,NewWinDump.html,Peter Shipton
Tue Jan 18 18:46:49 2022,NewZosDump.html,Peter Shipton
Tue Jan 18 18:46:49 2022,PageCache.Page.html,Peter Shipton
Tue Jan 18 18:46:49 2022,PageCache.html,Peter Shipton
Tue Jan 18 18:46:49 2022,Register.html,Peter Shipton
Tue Jan 18 18:46:49 2022,ResourceReleaser.html,Peter Shipton
Tue Jan 18 18:46:49 2022,StackFrame.html,Peter Shipton
Tue Jan 18 18:46:49 2022,Symbol.html,Peter Shipton
Tue Jan 18 18:46:49 2022,Aix32Dump.html,Peter Shipton
Tue Jan 18 18:46:49 2022,Aix64Dump.html,Peter Shipton
Tue Jan 18 18:46:49 2022,Builder.html,Peter Shipton
Tue Jan 18 18:46:49 2022,ClosingFileReader.html,Peter Shipton
Tue Jan 18 18:46:49 2022,CoreReaderSupport.html,Peter Shipton
Tue Jan 18 18:46:49 2022,CorruptCoreException.html,Peter Shipton
Tue Jan 18 18:46:49 2022,Dump.html,Peter Shipton
Tue Jan 18 18:46:49 2022,DumpException.html,Peter Shipton
Tue Jan 18 18:46:49 2022,DumpFactory.html,Peter Shipton
Tue Jan 18 18:46:49 2022,DumpReader.html,Peter Shipton
Tue Jan 18 18:46:49 2022,GenericThread.html,Peter Shipton
Tue Jan 18 18:46:49 2022,ICoreFileReader.html,Peter Shipton
Tue Jan 18 18:46:49 2022,J9RASReader.html,Peter Shipton
Tue Jan 18 18:46:49 2022,LittleEndianDumpReader.html,Peter Shipton
Tue Jan 18 18:46:49 2022,MemoryAccessException.html,Peter Shipton
Tue Jan 18 18:46:49 2022,MemoryRange.html,Peter Shipton
Tue Jan 18 18:46:49 2022,NativeThreadContext.html,Peter Shipton
Tue Jan 18 18:46:49 2022,NewAixDump.html,Peter Shipton
Tue Jan 18 18:46:49 2022,NewElfDump.html,Peter Shipton
Tue Jan 18 18:46:49 2022,NewWinDump.html,Peter Shipton
Tue Jan 18 18:46:49 2022,NewZosDump.html,Peter Shipton
Tue Jan 18 18:46:49 2022,PageCache.Page.html,Peter Shipton
Tue Jan 18 18:46:49 2022,PageCache.html,Peter Shipton
Tue Jan 18 18:46:49 2022,Register.html,Peter Shipton
Tue Jan 18 18:46:49 2022,ResourceReleaser.html,Peter Shipton
Tue Jan 18 18:46:49 2022,StackFrame.html,Peter Shipton
Tue Jan 18 18:46:49 2022,Symbol.html,Peter Shipton
Tue Jan 18 18:46:49 2022,J9RAS.html,Peter Shipton
Tue Jan 18 18:46:49 2022,J9RASFragment.html,Peter Shipton
Tue Jan 18 18:46:49 2022,J9RASFragmentJ5GA.html,Peter Shipton
Tue Jan 18 18:46:49 2022,J9RASFragmentJ5SR10.html,Peter Shipton
Tue Jan 18 18:46:49 2022,J9RASFragmentJ5v2.html,Peter Shipton
Tue Jan 18 18:46:49 2022,J9RASFragmentJ6GA.html,Peter Shipton
Tue Jan 18 18:46:49 2022,J9RASFragmentJ6SR6.html,Peter Shipton
Tue Jan 18 18:46:49 2022,J9RASFragmentJ6v2.html,Peter Shipton
Tue Jan 18 18:46:49 2022,J9RASFragmentJ6v3.html,Peter Shipton
Tue Jan 18 18:46:49 2022,Memory.html,Peter Shipton
Tue Jan 18 18:46:49 2022,J9RAS.html,Peter Shipton
Tue Jan 18 18:46:49 2022,J9RASFragment.html,Peter Shipton
Tue Jan 18 18:46:49 2022,J9RASFragmentJ5GA.html,Peter Shipton
Tue Jan 18 18:46:49 2022,J9RASFragmentJ5SR10.html,Peter Shipton
Tue Jan 18 18:46:49 2022,J9RASFragmentJ5v2.html,Peter Shipton
Tue Jan 18 18:46:49 2022,J9RASFragmentJ6GA.html,Peter Shipton
Tue Jan 18 18:46:49 2022,J9RASFragmentJ6SR6.html,Peter Shipton
Tue Jan 18 18:46:49 2022,J9RASFragmentJ6v2.html,Peter Shipton
Tue Jan 18 18:46:49 2022,J9RASFragmentJ6v3.html,Peter Shipton
Tue Jan 18 18:46:49 2022,Memory.html,Peter Shipton
Tue Jan 18 18:46:49 2022,package-summary.html,Peter Shipton
Tue Jan 18 18:46:49 2022,package-tree.html,Peter Shipton
Tue Jan 18 18:46:49 2022,package-use.html,Peter Shipton
Tue Jan 18 18:46:49 2022,package-summary.html,Peter Shipton
Tue Jan 18 18:46:49 2022,package-tree.html,Peter Shipton
Tue Jan 18 18:46:49 2022,package-use.html,Peter Shipton
Tue Jan 18 18:46:49 2022,AddressRange.html,Peter Shipton
Tue Jan 18 18:46:49 2022,AddressSpace.html,Peter Shipton
Tue Jan 18 18:46:49 2022,AddressSpaceImageInputStream.html,Peter Shipton
Tue Jan 18 18:46:49 2022,Dump.html,Peter Shipton
Tue Jan 18 18:46:49 2022,SearchListener.html,Peter Shipton
Tue Jan 18 18:46:49 2022,AddressRange.html,Peter Shipton
Tue Jan 18 18:46:49 2022,AddressSpace.html,Peter Shipton
Tue Jan 18 18:46:49 2022,AddressSpaceImageInputStream.html,Peter Shipton
Tue Jan 18 18:46:49 2022,Dump.html,Peter Shipton
Tue Jan 18 18:46:49 2022,SearchListener.html,Peter Shipton
Tue Jan 18 18:46:49 2022,package-summary.html,Peter Shipton
Tue Jan 18 18:46:49 2022,package-tree.html,Peter Shipton
Tue Jan 18 18:46:49 2022,package-use.html,Peter Shipton
Tue Jan 18 18:46:49 2022,Caa.html,Peter Shipton
Tue Jan 18 18:46:49 2022,Caa32Template.html,Peter Shipton
Tue Jan 18 18:46:49 2022,Caa32_11Template.html,Peter Shipton
Tue Jan 18 18:46:49 2022,Caa64Template.html,Peter Shipton
Tue Jan 18 18:46:49 2022,Caa64_11Template.html,Peter Shipton
Tue Jan 18 18:46:49 2022,CaaNotFound.html,Peter Shipton
Tue Jan 18 18:46:49 2022,CaaTemplate.html,Peter Shipton
Tue Jan 18 18:46:49 2022,CeedsaTemplate.html,Peter Shipton
Tue Jan 18 18:46:49 2022,Ceedsahp32Template.html,Peter Shipton
Tue Jan 18 18:46:49 2022,Ceedsahp64Template.html,Peter Shipton
Tue Jan 18 18:46:49 2022,CeedsahpTemplate.html,Peter Shipton
Tue Jan 18 18:46:49 2022,Ceedsahp_transitionTemplate.html,Peter Shipton
Tue Jan 18 18:46:49 2022,CeelcaTemplate.html,Peter Shipton
Tue Jan 18 18:46:49 2022,CeexcibTemplate.html,Peter Shipton
Tue Jan 18 18:46:49 2022,CeexcibhTemplate.html,Peter Shipton
Tue Jan 18 18:46:49 2022,Ceexdlcb32Template.html,Peter Shipton
Tue Jan 18 18:46:49 2022,Ceexdlcb64Template.html,Peter Shipton
Tue Jan 18 18:46:49 2022,CeexdlcbTemplate.html,Peter Shipton
Tue Jan 18 18:46:49 2022,Ceexedb32Template.html,Peter Shipton
Tue Jan 18 18:46:49 2022,Ceexedb64Template.html,Peter Shipton
Tue Jan 18 18:46:49 2022,CeexedbTemplate.html,Peter Shipton
Tue Jan 18 18:46:49 2022,Ceexhcom32Template.html,Peter Shipton
Tue Jan 18 18:46:49 2022,Ceexhcom64Template.html,Peter Shipton
Tue Jan 18 18:46:49 2022,CeexhcomTemplate.html,Peter Shipton
Tue Jan 18 18:46:49 2022,CeexhepvTemplate.html,Peter Shipton
Tue Jan 18 18:46:49 2022,Ceexhp1bTemplate.html,Peter Shipton
Tue Jan 18 18:46:49 2022,CeexlaaTemplate.html,Peter Shipton
Tue Jan 18 18:46:49 2022,CeexoepvTemplate.html,Peter Shipton
Tue Jan 18 18:46:49 2022,Ceexpp1bTemplate.html,Peter Shipton
Tue Jan 18 18:46:49 2022,Ceexrcb32Template.html,Peter Shipton
Tue Jan 18 18:46:49 2022,Ceexrcb64Template.html,Peter Shipton
Tue Jan 18 18:46:49 2022,CeexrcbTemplate.html,Peter Shipton
Tue Jan 18 18:46:49 2022,CeexsfxmTemplate.html,Peter Shipton
Tue Jan 18 18:46:49 2022,CeexstkhTemplate.html,Peter Shipton
Tue Jan 18 18:46:49 2022,CeextvbTemplate.html,Peter Shipton
Tue Jan 18 18:46:49 2022,CeextvbeTemplate.html,Peter Shipton
Tue Jan 18 18:46:49 2022,Ciet2ExpFuncEntryTemplate.html,Peter Shipton
Tue Jan 18 18:46:49 2022,Ciet2ExpVarEntryTemplate.html,Peter Shipton
Tue Jan 18 18:46:49 2022,Ciet2Template.html,Peter Shipton
Tue Jan 18 18:46:49 2022,CietExpEntryTemplate.html,Peter Shipton
Tue Jan 18 18:46:49 2022,CietTemplate.html,Peter Shipton
Tue Jan 18 18:46:49 2022,Dll.html,Peter Shipton
Tue Jan 18 18:46:49 2022,DllFunction.html,Peter Shipton
Tue Jan 18 18:46:49 2022,DllVariable.html,Peter Shipton
Tue Jan 18 18:46:49 2022,DllcsectTemplate.html,Peter Shipton
Tue Jan 18 18:46:49 2022,DllexpfuncsTemplate.html,Peter Shipton
Tue Jan 18 18:46:49 2022,DllexpvarsTemplate.html,Peter Shipton
Tue Jan 18 18:46:49 2022,DsaStackFrame.html,Peter Shipton
Tue Jan 18 18:46:49 2022,Edb.html,Peter Shipton
Tue Jan 18 18:46:49 2022,Function.html,Peter Shipton
Tue Jan 18 18:46:49 2022,SmcbTemplate.html,Peter Shipton
Tue Jan 18 18:46:49 2022,StackNotFound.html,Peter Shipton
Tue Jan 18 18:46:49 2022,Caa.html,Peter Shipton
Tue Jan 18 18:46:49 2022,Caa32Template.html,Peter Shipton
Tue Jan 18 18:46:49 2022,Caa32_11Template.html,Peter Shipton
Tue Jan 18 18:46:49 2022,Caa64Template.html,Peter Shipton
Tue Jan 18 18:46:49 2022,Caa64_11Template.html,Peter Shipton
Tue Jan 18 18:46:49 2022,CaaNotFound.html,Peter Shipton
Tue Jan 18 18:46:49 2022,CaaTemplate.html,Peter Shipton
Tue Jan 18 18:46:49 2022,CeedsaTemplate.html,Peter Shipton
Tue Jan 18 18:46:49 2022,Ceedsahp32Template.html,Peter Shipton
Tue Jan 18 18:46:49 2022,Ceedsahp64Template.html,Peter Shipton
Tue Jan 18 18:46:49 2022,CeedsahpTemplate.html,Peter Shipton
Tue Jan 18 18:46:49 2022,Ceedsahp_transitionTemplate.html,Peter Shipton
Tue Jan 18 18:46:49 2022,CeelcaTemplate.html,Peter Shipton
Tue Jan 18 18:46:49 2022,CeexcibTemplate.html,Peter Shipton
Tue Jan 18 18:46:49 2022,CeexcibhTemplate.html,Peter Shipton
Tue Jan 18 18:46:49 2022,Ceexdlcb32Template.html,Peter Shipton
Tue Jan 18 18:46:49 2022,Ceexdlcb64Template.html,Peter Shipton
Tue Jan 18 18:46:49 2022,CeexdlcbTemplate.html,Peter Shipton
Tue Jan 18 18:46:49 2022,Ceexedb32Template.html,Peter Shipton
Tue Jan 18 18:46:49 2022,Ceexedb64Template.html,Peter Shipton
Tue Jan 18 18:46:49 2022,CeexedbTemplate.html,Peter Shipton
Tue Jan 18 18:46:49 2022,Ceexhcom32Template.html,Peter Shipton
Tue Jan 18 18:46:49 2022,Ceexhcom64Template.html,Peter Shipton
Tue Jan 18 18:46:49 2022,CeexhcomTemplate.html,Peter Shipton
Tue Jan 18 18:46:49 2022,CeexhepvTemplate.html,Peter Shipton
Tue Jan 18 18:46:49 2022,Ceexhp1bTemplate.html,Peter Shipton
Tue Jan 18 18:46:49 2022,CeexlaaTemplate.html,Peter Shipton
Tue Jan 18 18:46:49 2022,CeexoepvTemplate.html,Peter Shipton
Tue Jan 18 18:46:49 2022,Ceexpp1bTemplate.html,Peter Shipton
Tue Jan 18 18:46:49 2022,Ceexrcb32Template.html,Peter Shipton
Tue Jan 18 18:46:49 2022,Ceexrcb64Template.html,Peter Shipton
Tue Jan 18 18:46:49 2022,CeexrcbTemplate.html,Peter Shipton
Tue Jan 18 18:46:49 2022,CeexsfxmTemplate.html,Peter Shipton
Tue Jan 18 18:46:49 2022,CeexstkhTemplate.html,Peter Shipton
Tue Jan 18 18:46:49 2022,CeextvbTemplate.html,Peter Shipton
Tue Jan 18 18:46:49 2022,CeextvbeTemplate.html,Peter Shipton
Tue Jan 18 18:46:49 2022,Ciet2ExpFuncEntryTemplate.html,Peter Shipton
Tue Jan 18 18:46:49 2022,Ciet2ExpVarEntryTemplate.html,Peter Shipton
Tue Jan 18 18:46:49 2022,Ciet2Template.html,Peter Shipton
Tue Jan 18 18:46:49 2022,CietExpEntryTemplate.html,Peter Shipton
Tue Jan 18 18:46:49 2022,CietTemplate.html,Peter Shipton
Tue Jan 18 18:46:49 2022,Dll.html,Peter Shipton
Tue Jan 18 18:46:49 2022,DllFunction.html,Peter Shipton
Tue Jan 18 18:46:49 2022,DllVariable.html,Peter Shipton
Tue Jan 18 18:46:49 2022,DllcsectTemplate.html,Peter Shipton
Tue Jan 18 18:46:49 2022,DllexpfuncsTemplate.html,Peter Shipton
Tue Jan 18 18:46:49 2022,DllexpvarsTemplate.html,Peter Shipton
Tue Jan 18 18:46:49 2022,DsaStackFrame.html,Peter Shipton
Tue Jan 18 18:46:49 2022,Edb.html,Peter Shipton
Tue Jan 18 18:46:49 2022,Function.html,Peter Shipton
Tue Jan 18 18:46:49 2022,SmcbTemplate.html,Peter Shipton
Tue Jan 18 18:46:49 2022,StackNotFound.html,Peter Shipton
Tue Jan 18 18:46:49 2022,package-summary.html,Peter Shipton
Tue Jan 18 18:46:49 2022,package-tree.html,Peter Shipton
Tue Jan 18 18:46:49 2022,package-use.html,Peter Shipton
Tue Jan 18 18:46:49 2022,BpxzotcbTemplate.html,Peter Shipton
Tue Jan 18 18:46:49 2022,BpxzustaTemplate.html,Peter Shipton
Tue Jan 18 18:46:49 2022,CeexcvtTemplate.html,Peter Shipton
Tue Jan 18 18:46:49 2022,IhaascbTemplate.html,Peter Shipton
Tue Jan 18 18:46:49 2022,IhaasxbTemplate.html,Peter Shipton
Tue Jan 18 18:46:49 2022,IhapsaTemplate.html,Peter Shipton
Tue Jan 18 18:46:49 2022,IharbTemplate.html,Peter Shipton
Tue Jan 18 18:46:49 2022,Ihartm2aTemplate.html,Peter Shipton
Tue Jan 18 18:46:49 2022,IhastcbTemplate.html,Peter Shipton
Tue Jan 18 18:46:49 2022,IkjrbTemplate.html,Peter Shipton
Tue Jan 18 18:46:49 2022,IkjtcbTemplate.html,Peter Shipton
Tue Jan 18 18:46:49 2022,Lse.html,Peter Shipton
Tue Jan 18 18:46:49 2022,LsedTemplate.html,Peter Shipton
Tue Jan 18 18:46:49 2022,Lses1lsed1Template.html,Peter Shipton
Tue Jan 18 18:46:49 2022,LseslsedTemplate.html,Peter Shipton
Tue Jan 18 18:46:49 2022,Lsestate1Template.html,Peter Shipton
Tue Jan 18 18:46:49 2022,LsestateTemplate.html,Peter Shipton
Tue Jan 18 18:46:49 2022,OtcbcopyonforkTemplate.html,Peter Shipton
Tue Jan 18 18:46:49 2022,RegisterSet.html,Peter Shipton
Tue Jan 18 18:46:49 2022,Tcb.html,Peter Shipton
Tue Jan 18 18:46:49 2022,BpxzotcbTemplate.html,Peter Shipton
Tue Jan 18 18:46:49 2022,BpxzustaTemplate.html,Peter Shipton
Tue Jan 18 18:46:49 2022,CeexcvtTemplate.html,Peter Shipton
Tue Jan 18 18:46:49 2022,IhaascbTemplate.html,Peter Shipton
Tue Jan 18 18:46:49 2022,IhaasxbTemplate.html,Peter Shipton
Tue Jan 18 18:46:49 2022,IhapsaTemplate.html,Peter Shipton
Tue Jan 18 18:46:49 2022,IharbTemplate.html,Peter Shipton
Tue Jan 18 18:46:49 2022,Ihartm2aTemplate.html,Peter Shipton
Tue Jan 18 18:46:49 2022,IhastcbTemplate.html,Peter Shipton
Tue Jan 18 18:46:49 2022,IkjrbTemplate.html,Peter Shipton
Tue Jan 18 18:46:49 2022,IkjtcbTemplate.html,Peter Shipton
Tue Jan 18 18:46:49 2022,Lse.html,Peter Shipton
Tue Jan 18 18:46:49 2022,LsedTemplate.html,Peter Shipton
Tue Jan 18 18:46:49 2022,Lses1lsed1Template.html,Peter Shipton
Tue Jan 18 18:46:49 2022,LseslsedTemplate.html,Peter Shipton
Tue Jan 18 18:46:49 2022,Lsestate1Template.html,Peter Shipton
Tue Jan 18 18:46:49 2022,LsestateTemplate.html,Peter Shipton
Tue Jan 18 18:46:49 2022,OtcbcopyonforkTemplate.html,Peter Shipton
Tue Jan 18 18:46:49 2022,RegisterSet.html,Peter Shipton
Tue Jan 18 18:46:49 2022,Tcb.html,Peter Shipton
Tue Jan 18 18:46:49 2022,package-summary.html,Peter Shipton
Tue Jan 18 18:46:49 2022,package-tree.html,Peter Shipton
Tue Jan 18 18:46:49 2022,package-use.html,Peter Shipton
Tue Jan 18 18:46:49 2022,AbstractHashMap.html,Peter Shipton
Tue Jan 18 18:46:49 2022,AbstractLruCache.html,Peter Shipton
Tue Jan 18 18:46:49 2022,BitStream.html,Peter Shipton
Tue Jan 18 18:46:49 2022,CharConversion.html,Peter Shipton
Tue Jan 18 18:46:49 2022,Clib.html,Peter Shipton
Tue Jan 18 18:46:49 2022,CompressedRecordArray.html,Peter Shipton
Tue Jan 18 18:46:49 2022,IntEnumeration.html,Peter Shipton
Tue Jan 18 18:46:49 2022,IntegerMap.html,Peter Shipton
Tue Jan 18 18:46:49 2022,ObjectLruCache.html,Peter Shipton
Tue Jan 18 18:46:49 2022,ObjectMap.html,Peter Shipton
Tue Jan 18 18:46:49 2022,AbstractHashMap.html,Peter Shipton
Tue Jan 18 18:46:49 2022,AbstractLruCache.html,Peter Shipton
Tue Jan 18 18:46:49 2022,BitStream.html,Peter Shipton
Tue Jan 18 18:46:49 2022,CharConversion.html,Peter Shipton
Tue Jan 18 18:46:49 2022,Clib.html,Peter Shipton
Tue Jan 18 18:46:49 2022,CompressedRecordArray.html,Peter Shipton
Tue Jan 18 18:46:49 2022,IntEnumeration.html,Peter Shipton
Tue Jan 18 18:46:49 2022,IntegerMap.html,Peter Shipton
Tue Jan 18 18:46:49 2022,ObjectLruCache.html,Peter Shipton
Tue Jan 18 18:46:49 2022,ObjectMap.html,Peter Shipton
Tue Jan 18 18:46:49 2022,package-summary.html,Peter Shipton
Tue Jan 18 18:46:49 2022,package-tree.html,Peter Shipton
Tue Jan 18 18:46:49 2022,package-use.html,Peter Shipton
Tue Jan 18 18:46:49 2022,CorruptData.html,Peter Shipton
Tue Jan 18 18:46:49 2022,CorruptDataException.html,Peter Shipton
Tue Jan 18 18:46:49 2022,DTFJException.html,Peter Shipton
Tue Jan 18 18:46:49 2022,DataUnavailable.html,Peter Shipton
Tue Jan 18 18:46:49 2022,Image.html,Peter Shipton
Tue Jan 18 18:46:49 2022,ImageAddressSpace.html,Peter Shipton
Tue Jan 18 18:46:49 2022,ImageFactory.html,Peter Shipton
Tue Jan 18 18:46:49 2022,ImageModule.html,Peter Shipton
Tue Jan 18 18:46:49 2022,ImagePointer.html,Peter Shipton
Tue Jan 18 18:46:49 2022,ImageProcess.html,Peter Shipton
Tue Jan 18 18:46:49 2022,ImageRegister.html,Peter Shipton
Tue Jan 18 18:46:49 2022,ImageSection.html,Peter Shipton
Tue Jan 18 18:46:49 2022,ImageStackFrame.html,Peter Shipton
Tue Jan 18 18:46:49 2022,ImageSymbol.html,Peter Shipton
Tue Jan 18 18:46:49 2022,ImageThread.html,Peter Shipton
Tue Jan 18 18:46:49 2022,MemoryAccessException.html,Peter Shipton
Tue Jan 18 18:46:49 2022,CorruptData.html,Peter Shipton
Tue Jan 18 18:46:49 2022,CorruptDataException.html,Peter Shipton
Tue Jan 18 18:46:49 2022,DTFJException.html,Peter Shipton
Tue Jan 18 18:46:49 2022,DataUnavailable.html,Peter Shipton
Tue Jan 18 18:46:49 2022,Image.html,Peter Shipton
Tue Jan 18 18:46:49 2022,ImageAddressSpace.html,Peter Shipton
Tue Jan 18 18:46:49 2022,ImageFactory.html,Peter Shipton
Tue Jan 18 18:46:49 2022,ImageModule.html,Peter Shipton
Tue Jan 18 18:46:49 2022,ImagePointer.html,Peter Shipton
Tue Jan 18 18:46:49 2022,ImageProcess.html,Peter Shipton
Tue Jan 18 18:46:49 2022,ImageRegister.html,Peter Shipton
Tue Jan 18 18:46:49 2022,ImageSection.html,Peter Shipton
Tue Jan 18 18:46:49 2022,ImageStackFrame.html,Peter Shipton
Tue Jan 18 18:46:49 2022,ImageSymbol.html,Peter Shipton
Tue Jan 18 18:46:49 2022,ImageThread.html,Peter Shipton
Tue Jan 18 18:46:49 2022,MemoryAccessException.html,Peter Shipton
Tue Jan 18 18:46:49 2022,Builder.html,Peter Shipton
Tue Jan 18 18:46:49 2022,BuilderShutdownHook.html,Peter Shipton
Tue Jan 18 18:46:49 2022,BytecodeImageSection.html,Peter Shipton
Tue Jan 18 18:46:49 2022,CorruptData.html,Peter Shipton
Tue Jan 18 18:46:49 2022,DTFJImageFactory.html,Peter Shipton
Tue Jan 18 18:46:49 2022,DefaultFileLocationResolver.html,Peter Shipton
Tue Jan 18 18:46:49 2022,FutureImplementation.html,Peter Shipton
Tue Jan 18 18:46:49 2022,IFileLocationResolver.html,Peter Shipton
Tue Jan 18 18:46:49 2022,Image.html,Peter Shipton
Tue Jan 18 18:46:49 2022,ImageAddressSpace.html,Peter Shipton
Tue Jan 18 18:46:49 2022,ImageFactory.html,Peter Shipton
Tue Jan 18 18:46:49 2022,ImageModule.html,Peter Shipton
Tue Jan 18 18:46:49 2022,ImagePointer.html,Peter Shipton
Tue Jan 18 18:46:49 2022,ImageProcess.html,Peter Shipton
Tue Jan 18 18:46:49 2022,ImageRegister.html,Peter Shipton
Tue Jan 18 18:46:49 2022,ImageSection.html,Peter Shipton
Tue Jan 18 18:46:49 2022,ImageStackFrame.html,Peter Shipton
Tue Jan 18 18:46:49 2022,ImageSymbol.html,Peter Shipton
Tue Jan 18 18:46:49 2022,ImageThread.html,Peter Shipton
Tue Jan 18 18:46:49 2022,JitImageSection.html,Peter Shipton
Tue Jan 18 18:46:49 2022,ModuleImageSection.html,Peter Shipton
Tue Jan 18 18:46:49 2022,PartialProcess.html,Peter Shipton
Tue Jan 18 18:46:49 2022,RawImageSection.html,Peter Shipton
Tue Jan 18 18:46:49 2022,ReleasingImage.html,Peter Shipton
Tue Jan 18 18:46:49 2022,StackImageSection.html,Peter Shipton
Tue Jan 18 18:46:49 2022,ZipExtractionResolver.html,Peter Shipton
Tue Jan 18 18:46:49 2022,Builder.html,Peter Shipton
Tue Jan 18 18:46:49 2022,BuilderShutdownHook.html,Peter Shipton
Tue Jan 18 18:46:49 2022,BytecodeImageSection.html,Peter Shipton
Tue Jan 18 18:46:49 2022,CorruptData.html,Peter Shipton
Tue Jan 18 18:46:49 2022,DTFJImageFactory.html,Peter Shipton
Tue Jan 18 18:46:49 2022,DefaultFileLocationResolver.html,Peter Shipton
Tue Jan 18 18:46:49 2022,FutureImplementation.html,Peter Shipton
Tue Jan 18 18:46:49 2022,IFileLocationResolver.html,Peter Shipton
Tue Jan 18 18:46:49 2022,Image.html,Peter Shipton
Tue Jan 18 18:46:49 2022,ImageAddressSpace.html,Peter Shipton
Tue Jan 18 18:46:49 2022,ImageFactory.html,Peter Shipton
Tue Jan 18 18:46:49 2022,ImageModule.html,Peter Shipton
Tue Jan 18 18:46:49 2022,ImagePointer.html,Peter Shipton
Tue Jan 18 18:46:49 2022,ImageProcess.html,Peter Shipton
Tue Jan 18 18:46:49 2022,ImageRegister.html,Peter Shipton
Tue Jan 18 18:46:49 2022,ImageSection.html,Peter Shipton
Tue Jan 18 18:46:49 2022,ImageStackFrame.html,Peter Shipton
Tue Jan 18 18:46:49 2022,ImageSymbol.html,Peter Shipton
Tue Jan 18 18:46:49 2022,ImageThread.html,Peter Shipton
Tue Jan 18 18:46:49 2022,JitImageSection.html,Peter Shipton
Tue Jan 18 18:46:49 2022,ModuleImageSection.html,Peter Shipton
Tue Jan 18 18:46:49 2022,PartialProcess.html,Peter Shipton
Tue Jan 18 18:46:49 2022,RawImageSection.html,Peter Shipton
Tue Jan 18 18:46:49 2022,ReleasingImage.html,Peter Shipton
Tue Jan 18 18:46:49 2022,StackImageSection.html,Peter Shipton
Tue Jan 18 18:46:49 2022,ZipExtractionResolver.html,Peter Shipton
Tue Jan 18 18:46:49 2022,CorruptImagePointer.html,Peter Shipton
Tue Jan 18 18:46:49 2022,CorruptImagePointer.html,Peter Shipton
Tue Jan 18 18:46:49 2022,package-summary.html,Peter Shipton
Tue Jan 18 18:46:49 2022,package-tree.html,Peter Shipton
Tue Jan 18 18:46:49 2022,package-use.html,Peter Shipton
Tue Jan 18 18:46:49 2022,package-summary.html,Peter Shipton
Tue Jan 18 18:46:49 2022,package-tree.html,Peter Shipton
Tue Jan 18 18:46:49 2022,package-use.html,Peter Shipton
Tue Jan 18 18:46:49 2022,BuilderData.html,Peter Shipton
Tue Jan 18 18:46:49 2022,JCCorruptData.html,Peter Shipton
Tue Jan 18 18:46:49 2022,JCImage.html,Peter Shipton
Tue Jan 18 18:46:49 2022,JCImageAddressSpace.html,Peter Shipton
Tue Jan 18 18:46:49 2022,JCImageFactory.html,Peter Shipton
Tue Jan 18 18:46:49 2022,JCImageModule.html,Peter Shipton
Tue Jan 18 18:46:49 2022,JCImagePointer.html,Peter Shipton
Tue Jan 18 18:46:49 2022,JCImageProcess.html,Peter Shipton
Tue Jan 18 18:46:49 2022,JCImageRegister.html,Peter Shipton
Tue Jan 18 18:46:49 2022,JCImageSection.html,Peter Shipton
Tue Jan 18 18:46:49 2022,JCImageStackFrame.html,Peter Shipton
Tue Jan 18 18:46:49 2022,JCImageSymbol.html,Peter Shipton
Tue Jan 18 18:46:49 2022,JCImageThread.html,Peter Shipton
Tue Jan 18 18:46:49 2022,JCReleasingImage.html,Peter Shipton
Tue Jan 18 18:46:49 2022,LookupKey.html,Peter Shipton
Tue Jan 18 18:46:49 2022,BuilderData.html,Peter Shipton
Tue Jan 18 18:46:49 2022,JCCorruptData.html,Peter Shipton
Tue Jan 18 18:46:49 2022,JCImage.html,Peter Shipton
Tue Jan 18 18:46:49 2022,JCImageAddressSpace.html,Peter Shipton
Tue Jan 18 18:46:49 2022,JCImageFactory.html,Peter Shipton
Tue Jan 18 18:46:49 2022,JCImageModule.html,Peter Shipton
Tue Jan 18 18:46:49 2022,JCImagePointer.html,Peter Shipton
Tue Jan 18 18:46:49 2022,JCImageProcess.html,Peter Shipton
Tue Jan 18 18:46:49 2022,JCImageRegister.html,Peter Shipton
Tue Jan 18 18:46:49 2022,JCImageSection.html,Peter Shipton
Tue Jan 18 18:46:49 2022,JCImageStackFrame.html,Peter Shipton
Tue Jan 18 18:46:49 2022,JCImageSymbol.html,Peter Shipton
Tue Jan 18 18:46:49 2022,JCImageThread.html,Peter Shipton
Tue Jan 18 18:46:49 2022,JCReleasingImage.html,Peter Shipton
Tue Jan 18 18:46:49 2022,LookupKey.html,Peter Shipton
Tue Jan 18 18:46:49 2022,package-summary.html,Peter Shipton
Tue Jan 18 18:46:49 2022,package-tree.html,Peter Shipton
Tue Jan 18 18:46:49 2022,package-use.html,Peter Shipton
Tue Jan 18 18:46:49 2022,package-summary.html,Peter Shipton
Tue Jan 18 18:46:49 2022,package-tree.html,Peter Shipton
Tue Jan 18 18:46:49 2022,package-use.html,Peter Shipton
Tue Jan 18 18:46:49 2022,JavaClass.html,Peter Shipton
Tue Jan 18 18:46:49 2022,JavaClassLoader.html,Peter Shipton
Tue Jan 18 18:46:49 2022,JavaField.html,Peter Shipton
Tue Jan 18 18:46:49 2022,JavaHeap.html,Peter Shipton
Tue Jan 18 18:46:49 2022,JavaLocation.html,Peter Shipton
Tue Jan 18 18:46:49 2022,JavaMember.html,Peter Shipton
Tue Jan 18 18:46:49 2022,JavaMethod.html,Peter Shipton
Tue Jan 18 18:46:49 2022,JavaMonitor.html,Peter Shipton
Tue Jan 18 18:46:49 2022,JavaObject.html,Peter Shipton
Tue Jan 18 18:46:49 2022,JavaReference.html,Peter Shipton
Tue Jan 18 18:46:49 2022,JavaRuntime.html,Peter Shipton
Tue Jan 18 18:46:49 2022,JavaRuntimeMemoryCategory.html,Peter Shipton
Tue Jan 18 18:46:49 2022,JavaRuntimeMemorySection.html,Peter Shipton
Tue Jan 18 18:46:49 2022,JavaStackFrame.html,Peter Shipton
Tue Jan 18 18:46:49 2022,JavaThread.html,Peter Shipton
Tue Jan 18 18:46:49 2022,JavaVMInitArgs.html,Peter Shipton
Tue Jan 18 18:46:49 2022,JavaVMOption.html,Peter Shipton
Tue Jan 18 18:46:49 2022,JavaClass.html,Peter Shipton
Tue Jan 18 18:46:49 2022,JavaClassLoader.html,Peter Shipton
Tue Jan 18 18:46:49 2022,JavaField.html,Peter Shipton
Tue Jan 18 18:46:49 2022,JavaHeap.html,Peter Shipton
Tue Jan 18 18:46:49 2022,JavaLocation.html,Peter Shipton
Tue Jan 18 18:46:49 2022,JavaMember.html,Peter Shipton
Tue Jan 18 18:46:49 2022,JavaMethod.html,Peter Shipton
Tue Jan 18 18:46:49 2022,JavaMonitor.html,Peter Shipton
Tue Jan 18 18:46:49 2022,JavaObject.html,Peter Shipton
Tue Jan 18 18:46:49 2022,JavaReference.html,Peter Shipton
Tue Jan 18 18:46:49 2022,JavaRuntime.html,Peter Shipton
Tue Jan 18 18:46:49 2022,JavaRuntimeMemoryCategory.html,Peter Shipton
Tue Jan 18 18:46:49 2022,JavaRuntimeMemorySection.html,Peter Shipton
Tue Jan 18 18:46:49 2022,JavaStackFrame.html,Peter Shipton
Tue Jan 18 18:46:49 2022,JavaThread.html,Peter Shipton
Tue Jan 18 18:46:49 2022,JavaVMInitArgs.html,Peter Shipton
Tue Jan 18 18:46:49 2022,JavaVMOption.html,Peter Shipton
Tue Jan 18 18:46:49 2022,JavaAbstractClass.html,Peter Shipton
Tue Jan 18 18:46:49 2022,JavaArrayClass.html,Peter Shipton
Tue Jan 18 18:46:49 2022,JavaClass.html,Peter Shipton
Tue Jan 18 18:46:49 2022,JavaClassLoader.html,Peter Shipton
Tue Jan 18 18:46:49 2022,JavaField.html,Peter Shipton
Tue Jan 18 18:46:49 2022,JavaHeap.html,Peter Shipton
Tue Jan 18 18:46:49 2022,JavaHeapRegion.html,Peter Shipton
Tue Jan 18 18:46:49 2022,JavaInstanceField.html,Peter Shipton
Tue Jan 18 18:46:49 2022,JavaLocation.html,Peter Shipton
Tue Jan 18 18:46:49 2022,JavaMethod.html,Peter Shipton
Tue Jan 18 18:46:49 2022,JavaMonitor.html,Peter Shipton
Tue Jan 18 18:46:49 2022,JavaObject.html,Peter Shipton
Tue Jan 18 18:46:49 2022,JavaReference.html,Peter Shipton
Tue Jan 18 18:46:49 2022,JavaRuntime.html,Peter Shipton
Tue Jan 18 18:46:49 2022,JavaStackFrame.html,Peter Shipton
Tue Jan 18 18:46:49 2022,JavaStaticField.html,Peter Shipton
Tue Jan 18 18:46:49 2022,JavaThread.html,Peter Shipton
Tue Jan 18 18:46:49 2022,JavaVMInitArgs.html,Peter Shipton
Tue Jan 18 18:46:49 2022,JavaVMOption.html,Peter Shipton
Tue Jan 18 18:46:49 2022,TraceBuffer.html,Peter Shipton
Tue Jan 18 18:46:49 2022,JavaAbstractClass.html,Peter Shipton
Tue Jan 18 18:46:49 2022,JavaArrayClass.html,Peter Shipton
Tue Jan 18 18:46:49 2022,JavaClass.html,Peter Shipton
Tue Jan 18 18:46:49 2022,JavaClassLoader.html,Peter Shipton
Tue Jan 18 18:46:49 2022,JavaField.html,Peter Shipton
Tue Jan 18 18:46:49 2022,JavaHeap.html,Peter Shipton
Tue Jan 18 18:46:49 2022,JavaHeapRegion.html,Peter Shipton
Tue Jan 18 18:46:49 2022,JavaInstanceField.html,Peter Shipton
Tue Jan 18 18:46:49 2022,JavaLocation.html,Peter Shipton
Tue Jan 18 18:46:49 2022,JavaMethod.html,Peter Shipton
Tue Jan 18 18:46:49 2022,JavaMonitor.html,Peter Shipton
Tue Jan 18 18:46:49 2022,JavaObject.html,Peter Shipton
Tue Jan 18 18:46:49 2022,JavaReference.html,Peter Shipton
Tue Jan 18 18:46:49 2022,JavaRuntime.html,Peter Shipton
Tue Jan 18 18:46:49 2022,JavaStackFrame.html,Peter Shipton
Tue Jan 18 18:46:49 2022,JavaStaticField.html,Peter Shipton
Tue Jan 18 18:46:49 2022,JavaThread.html,Peter Shipton
Tue Jan 18 18:46:49 2022,JavaVMInitArgs.html,Peter Shipton
Tue Jan 18 18:46:49 2022,JavaVMOption.html,Peter Shipton
Tue Jan 18 18:46:49 2022,TraceBuffer.html,Peter Shipton
Tue Jan 18 18:46:49 2022,package-summary.html,Peter Shipton
Tue Jan 18 18:46:49 2022,package-tree.html,Peter Shipton
Tue Jan 18 18:46:49 2022,package-use.html,Peter Shipton
Tue Jan 18 18:46:49 2022,JCInvalidArgumentsException.html,Peter Shipton
Tue Jan 18 18:46:49 2022,JCJavaClass.html,Peter Shipton
Tue Jan 18 18:46:49 2022,JCJavaClassLoader.html,Peter Shipton
Tue Jan 18 18:46:49 2022,JCJavaLocation.html,Peter Shipton
Tue Jan 18 18:46:49 2022,JCJavaMethod.html,Peter Shipton
Tue Jan 18 18:46:49 2022,JCJavaMonitor.html,Peter Shipton
Tue Jan 18 18:46:49 2022,JCJavaObject.html,Peter Shipton
Tue Jan 18 18:46:49 2022,JCJavaRuntime.html,Peter Shipton
Tue Jan 18 18:46:49 2022,JCJavaRuntimeMemoryCategory.html,Peter Shipton
Tue Jan 18 18:46:49 2022,JCJavaStackFrame.html,Peter Shipton
Tue Jan 18 18:46:49 2022,JCJavaThread.html,Peter Shipton
Tue Jan 18 18:46:49 2022,JCJavaVMInitArgs.html,Peter Shipton
Tue Jan 18 18:46:49 2022,JCJavaVMOption.html,Peter Shipton
Tue Jan 18 18:46:49 2022,JCInvalidArgumentsException.html,Peter Shipton
Tue Jan 18 18:46:49 2022,JCJavaClass.html,Peter Shipton
Tue Jan 18 18:46:49 2022,JCJavaClassLoader.html,Peter Shipton
Tue Jan 18 18:46:49 2022,JCJavaLocation.html,Peter Shipton
Tue Jan 18 18:46:49 2022,JCJavaMethod.html,Peter Shipton
Tue Jan 18 18:46:49 2022,JCJavaMonitor.html,Peter Shipton
Tue Jan 18 18:46:49 2022,JCJavaObject.html,Peter Shipton
Tue Jan 18 18:46:49 2022,JCJavaRuntime.html,Peter Shipton
Tue Jan 18 18:46:49 2022,JCJavaRuntimeMemoryCategory.html,Peter Shipton
Tue Jan 18 18:46:49 2022,JCJavaStackFrame.html,Peter Shipton
Tue Jan 18 18:46:49 2022,JCJavaThread.html,Peter Shipton
Tue Jan 18 18:46:49 2022,JCJavaVMInitArgs.html,Peter Shipton
Tue Jan 18 18:46:49 2022,JCJavaVMOption.html,Peter Shipton
Tue Jan 18 18:46:49 2022,package-summary.html,Peter Shipton
Tue Jan 18 18:46:49 2022,package-tree.html,Peter Shipton
Tue Jan 18 18:46:49 2022,package-use.html,Peter Shipton
Tue Jan 18 18:46:49 2022,package-summary.html,Peter Shipton
Tue Jan 18 18:46:49 2022,package-tree.html,Peter Shipton
Tue Jan 18 18:46:49 2022,package-use.html,Peter Shipton
Tue Jan 18 18:46:49 2022,BuilderFailureException.html,Peter Shipton
Tue Jan 18 18:46:49 2022,IBuilderData.html,Peter Shipton
Tue Jan 18 18:46:49 2022,IImageAddressSpaceBuilder.html,Peter Shipton
Tue Jan 18 18:46:49 2022,IImageBuilder.html,Peter Shipton
Tue Jan 18 18:46:49 2022,IImageBuilderFactory.html,Peter Shipton
Tue Jan 18 18:46:49 2022,IImageProcessBuilder.html,Peter Shipton
Tue Jan 18 18:46:49 2022,IJavaRuntimeBuilder.html,Peter Shipton
Tue Jan 18 18:46:49 2022,BuilderFailureException.html,Peter Shipton
Tue Jan 18 18:46:49 2022,IBuilderData.html,Peter Shipton
Tue Jan 18 18:46:49 2022,IImageAddressSpaceBuilder.html,Peter Shipton
Tue Jan 18 18:46:49 2022,IImageBuilder.html,Peter Shipton
Tue Jan 18 18:46:49 2022,IImageBuilderFactory.html,Peter Shipton
Tue Jan 18 18:46:49 2022,IImageProcessBuilder.html,Peter Shipton
Tue Jan 18 18:46:49 2022,IJavaRuntimeBuilder.html,Peter Shipton
Tue Jan 18 18:46:49 2022,AbstractBuilderComponent.html,Peter Shipton
Tue Jan 18 18:46:49 2022,BuilderContainer.html,Peter Shipton
Tue Jan 18 18:46:49 2022,ImageAddressSpaceBuilder.html,Peter Shipton
Tue Jan 18 18:46:49 2022,ImageBuilder.html,Peter Shipton
Tue Jan 18 18:46:49 2022,ImageBuilderFactory.html,Peter Shipton
Tue Jan 18 18:46:49 2022,ImageProcessBuilder.html,Peter Shipton
Tue Jan 18 18:46:49 2022,JavaRuntimeBuilder.html,Peter Shipton
Tue Jan 18 18:46:49 2022,AbstractBuilderComponent.html,Peter Shipton
Tue Jan 18 18:46:49 2022,BuilderContainer.html,Peter Shipton
Tue Jan 18 18:46:49 2022,ImageAddressSpaceBuilder.html,Peter Shipton
Tue Jan 18 18:46:49 2022,ImageBuilder.html,Peter Shipton
Tue Jan 18 18:46:49 2022,ImageBuilderFactory.html,Peter Shipton
Tue Jan 18 18:46:49 2022,ImageProcessBuilder.html,Peter Shipton
Tue Jan 18 18:46:49 2022,JavaRuntimeBuilder.html,Peter Shipton
Tue Jan 18 18:46:49 2022,package-summary.html,Peter Shipton
Tue Jan 18 18:46:49 2022,package-tree.html,Peter Shipton
Tue Jan 18 18:46:49 2022,package-use.html,Peter Shipton
Tue Jan 18 18:46:49 2022,package-summary.html,Peter Shipton
Tue Jan 18 18:46:49 2022,package-tree.html,Peter Shipton
Tue Jan 18 18:46:49 2022,package-use.html,Peter Shipton
Tue Jan 18 18:46:49 2022,MissingComponentException.html,Peter Shipton
Tue Jan 18 18:46:49 2022,Section.html,Peter Shipton
Tue Jan 18 18:46:49 2022,MissingComponentException.html,Peter Shipton
Tue Jan 18 18:46:49 2022,Section.html,Peter Shipton
Tue Jan 18 18:46:49 2022,IInputBuffer.html,Peter Shipton
Tue Jan 18 18:46:49 2022,JavaCoreFileReader.html,Peter Shipton
Tue Jan 18 18:46:49 2022,LineJavaCoreInputBuffer.html,Peter Shipton
Tue Jan 18 18:46:49 2022,OffsetBasedJavaCoreInputBuffer.html,Peter Shipton
Tue Jan 18 18:46:49 2022,IInputBuffer.html,Peter Shipton
Tue Jan 18 18:46:49 2022,JavaCoreFileReader.html,Peter Shipton
Tue Jan 18 18:46:49 2022,LineJavaCoreInputBuffer.html,Peter Shipton
Tue Jan 18 18:46:49 2022,OffsetBasedJavaCoreInputBuffer.html,Peter Shipton
Tue Jan 18 18:46:49 2022,package-summary.html,Peter Shipton
Tue Jan 18 18:46:49 2022,package-tree.html,Peter Shipton
Tue Jan 18 18:46:49 2022,package-use.html,Peter Shipton
Tue Jan 18 18:46:49 2022,package-summary.html,Peter Shipton
Tue Jan 18 18:46:49 2022,package-tree.html,Peter Shipton
Tue Jan 18 18:46:49 2022,package-use.html,Peter Shipton
Tue Jan 18 18:46:49 2022,IErrorListener.html,Peter Shipton
Tue Jan 18 18:46:49 2022,ILookAheadBuffer.html,Peter Shipton
Tue Jan 18 18:46:49 2022,IParserController.html,Peter Shipton
Tue Jan 18 18:46:49 2022,ISectionParser.html,Peter Shipton
Tue Jan 18 18:46:49 2022,ParserException.html,Peter Shipton
Tue Jan 18 18:46:49 2022,IErrorListener.html,Peter Shipton
Tue Jan 18 18:46:49 2022,ILookAheadBuffer.html,Peter Shipton
Tue Jan 18 18:46:49 2022,IParserController.html,Peter Shipton
Tue Jan 18 18:46:49 2022,ISectionParser.html,Peter Shipton
Tue Jan 18 18:46:49 2022,ParserException.html,Peter Shipton
Tue Jan 18 18:46:49 2022,package-summary.html,Peter Shipton
Tue Jan 18 18:46:49 2022,package-tree.html,Peter Shipton
Tue Jan 18 18:46:49 2022,package-use.html,Peter Shipton
Tue Jan 18 18:46:49 2022,IGeneralTokenTypes.html,Peter Shipton
Tue Jan 18 18:46:49 2022,IParserToken.html,Peter Shipton
Tue Jan 18 18:46:49 2022,IScanner.html,Peter Shipton
Tue Jan 18 18:46:49 2022,IScannerManager.html,Peter Shipton
Tue Jan 18 18:46:49 2022,JavaCoreScanner.html,Peter Shipton
Tue Jan 18 18:46:49 2022,LookAheadBuffer.html,Peter Shipton
Tue Jan 18 18:46:49 2022,ParserToken.html,Peter Shipton
Tue Jan 18 18:46:49 2022,ScannerException.html,Peter Shipton
Tue Jan 18 18:46:49 2022,ScannerManager.html,Peter Shipton
Tue Jan 18 18:46:49 2022,TokenManager.html,Peter Shipton
Tue Jan 18 18:46:49 2022,IGeneralTokenTypes.html,Peter Shipton
Tue Jan 18 18:46:49 2022,IParserToken.html,Peter Shipton
Tue Jan 18 18:46:49 2022,IScanner.html,Peter Shipton
Tue Jan 18 18:46:49 2022,IScannerManager.html,Peter Shipton
Tue Jan 18 18:46:49 2022,JavaCoreScanner.html,Peter Shipton
Tue Jan 18 18:46:49 2022,LookAheadBuffer.html,Peter Shipton
Tue Jan 18 18:46:49 2022,ParserToken.html,Peter Shipton
Tue Jan 18 18:46:49 2022,ScannerException.html,Peter Shipton
Tue Jan 18 18:46:49 2022,ScannerManager.html,Peter Shipton
Tue Jan 18 18:46:49 2022,TokenManager.html,Peter Shipton
Tue Jan 18 18:46:49 2022,package-summary.html,Peter Shipton
Tue Jan 18 18:46:49 2022,package-tree.html,Peter Shipton
Tue Jan 18 18:46:49 2022,package-use.html,Peter Shipton
Tue Jan 18 18:46:49 2022,ILineRule.html,Peter Shipton
Tue Jan 18 18:46:49 2022,ITagAttributeResult.html,Peter Shipton
Tue Jan 18 18:46:49 2022,ITagManager.html,Peter Shipton
Tue Jan 18 18:46:49 2022,ITagParser.html,Peter Shipton
Tue Jan 18 18:46:49 2022,LineRule.html,Peter Shipton
Tue Jan 18 18:46:49 2022,MissingPatternListException.html,Peter Shipton
Tue Jan 18 18:46:49 2022,TagAttributeResult.html,Peter Shipton
Tue Jan 18 18:46:49 2022,TagParser.html,Peter Shipton
Tue Jan 18 18:46:49 2022,ILineRule.html,Peter Shipton
Tue Jan 18 18:46:49 2022,ITagAttributeResult.html,Peter Shipton
Tue Jan 18 18:46:49 2022,ITagManager.html,Peter Shipton
Tue Jan 18 18:46:49 2022,ITagParser.html,Peter Shipton
Tue Jan 18 18:46:49 2022,LineRule.html,Peter Shipton
Tue Jan 18 18:46:49 2022,MissingPatternListException.html,Peter Shipton
Tue Jan 18 18:46:49 2022,TagAttributeResult.html,Peter Shipton
Tue Jan 18 18:46:49 2022,TagParser.html,Peter Shipton
Tue Jan 18 18:46:49 2022,package-summary.html,Peter Shipton
Tue Jan 18 18:46:49 2022,package-tree.html,Peter Shipton
Tue Jan 18 18:46:49 2022,package-use.html,Peter Shipton
Tue Jan 18 18:46:49 2022,AttributeValueMapFactory.html,Peter Shipton
Tue Jan 18 18:46:49 2022,DTFJComponentLoader.html,Peter Shipton
Tue Jan 18 18:46:49 2022,IAttributeValueMap.html,Peter Shipton
Tue Jan 18 18:46:49 2022,ITagSubSection.html,Peter Shipton
Tue Jan 18 18:46:49 2022,J9TagManager.html,Peter Shipton
Tue Jan 18 18:46:49 2022,JavaCoreAttributeValueMap.html,Peter Shipton
Tue Jan 18 18:46:49 2022,JavaCoreReader.html,Peter Shipton
Tue Jan 18 18:46:49 2022,JavaCoreResourceReleaser.html,Peter Shipton
Tue Jan 18 18:46:49 2022,ParserController.html,Peter Shipton
Tue Jan 18 18:46:49 2022,SectionParser.html,Peter Shipton
Tue Jan 18 18:46:49 2022,SectionParserGrammar.html,Peter Shipton
Tue Jan 18 18:46:49 2022,SovereignParserPartManager.html,Peter Shipton
Tue Jan 18 18:46:49 2022,SovereignSectionParserPart.html,Peter Shipton
Tue Jan 18 18:46:49 2022,AttributeValueMapFactory.html,Peter Shipton
Tue Jan 18 18:46:49 2022,DTFJComponentLoader.html,Peter Shipton
Tue Jan 18 18:46:49 2022,IAttributeValueMap.html,Peter Shipton
Tue Jan 18 18:46:49 2022,ITagSubSection.html,Peter Shipton
Tue Jan 18 18:46:49 2022,J9TagManager.html,Peter Shipton
Tue Jan 18 18:46:49 2022,JavaCoreAttributeValueMap.html,Peter Shipton
Tue Jan 18 18:46:49 2022,JavaCoreReader.html,Peter Shipton
Tue Jan 18 18:46:49 2022,JavaCoreResourceReleaser.html,Peter Shipton
Tue Jan 18 18:46:49 2022,ParserController.html,Peter Shipton
Tue Jan 18 18:46:49 2022,SectionParser.html,Peter Shipton
Tue Jan 18 18:46:49 2022,SectionParserGrammar.html,Peter Shipton
Tue Jan 18 18:46:49 2022,SovereignParserPartManager.html,Peter Shipton
Tue Jan 18 18:46:49 2022,SovereignSectionParserPart.html,Peter Shipton
Tue Jan 18 18:46:49 2022,package-summary.html,Peter Shipton
Tue Jan 18 18:46:49 2022,package-tree.html,Peter Shipton
Tue Jan 18 18:46:49 2022,package-use.html,Peter Shipton
Tue Jan 18 18:46:49 2022,RegisteredComponents.html,Peter Shipton
Tue Jan 18 18:46:49 2022,RegisteredSections.html,Peter Shipton
Tue Jan 18 18:46:49 2022,RegisteredComponents.html,Peter Shipton
Tue Jan 18 18:46:49 2022,RegisteredSections.html,Peter Shipton
Tue Jan 18 18:46:49 2022,package-summary.html,Peter Shipton
Tue Jan 18 18:46:49 2022,package-tree.html,Peter Shipton
Tue Jan 18 18:46:49 2022,package-use.html,Peter Shipton
Tue Jan 18 18:46:49 2022,ClassLoaderLineRule.html,Peter Shipton
Tue Jan 18 18:46:49 2022,ClassLoaderPatternMatchers.html,Peter Shipton
Tue Jan 18 18:46:49 2022,ClassLoaderSectionParser.html,Peter Shipton
Tue Jan 18 18:46:49 2022,ClassLoaderTagParser.html,Peter Shipton
Tue Jan 18 18:46:49 2022,IClassLoaderTypes.html,Peter Shipton
Tue Jan 18 18:46:49 2022,ClassLoaderLineRule.html,Peter Shipton
Tue Jan 18 18:46:49 2022,ClassLoaderPatternMatchers.html,Peter Shipton
Tue Jan 18 18:46:49 2022,ClassLoaderSectionParser.html,Peter Shipton
Tue Jan 18 18:46:49 2022,ClassLoaderTagParser.html,Peter Shipton
Tue Jan 18 18:46:49 2022,IClassLoaderTypes.html,Peter Shipton
Tue Jan 18 18:46:49 2022,package-summary.html,Peter Shipton
Tue Jan 18 18:46:49 2022,package-tree.html,Peter Shipton
Tue Jan 18 18:46:49 2022,package-use.html,Peter Shipton
Tue Jan 18 18:46:49 2022,CommonPatternMatchers.html,Peter Shipton
Tue Jan 18 18:46:49 2022,CommonTagParser.html,Peter Shipton
Tue Jan 18 18:46:49 2022,ICommonTypes.html,Peter Shipton
Tue Jan 18 18:46:49 2022,PointerSizeLineRule.html,Peter Shipton
Tue Jan 18 18:46:49 2022,CommonPatternMatchers.html,Peter Shipton
Tue Jan 18 18:46:49 2022,CommonTagParser.html,Peter Shipton
Tue Jan 18 18:46:49 2022,ICommonTypes.html,Peter Shipton
Tue Jan 18 18:46:49 2022,PointerSizeLineRule.html,Peter Shipton
Tue Jan 18 18:46:49 2022,package-summary.html,Peter Shipton
Tue Jan 18 18:46:49 2022,package-tree.html,Peter Shipton
Tue Jan 18 18:46:49 2022,package-use.html,Peter Shipton
Tue Jan 18 18:46:49 2022,EnvironmentSectionParser.html,Peter Shipton
Tue Jan 18 18:46:49 2022,EnvironmentTagParser.html,Peter Shipton
Tue Jan 18 18:46:49 2022,IEnvironmentTypes.html,Peter Shipton
Tue Jan 18 18:46:49 2022,EnvironmentSectionParser.html,Peter Shipton
Tue Jan 18 18:46:49 2022,EnvironmentTagParser.html,Peter Shipton
Tue Jan 18 18:46:49 2022,IEnvironmentTypes.html,Peter Shipton
Tue Jan 18 18:46:49 2022,package-summary.html,Peter Shipton
Tue Jan 18 18:46:49 2022,package-tree.html,Peter Shipton
Tue Jan 18 18:46:49 2022,package-use.html,Peter Shipton
Tue Jan 18 18:46:49 2022,IMemoryTypes.html,Peter Shipton
Tue Jan 18 18:46:49 2022,MemorySectionParser.html,Peter Shipton
Tue Jan 18 18:46:49 2022,MemoryTagParser.html,Peter Shipton
Tue Jan 18 18:46:49 2022,IMemoryTypes.html,Peter Shipton
Tue Jan 18 18:46:49 2022,MemorySectionParser.html,Peter Shipton
Tue Jan 18 18:46:49 2022,MemoryTagParser.html,Peter Shipton
Tue Jan 18 18:46:49 2022,package-summary.html,Peter Shipton
Tue Jan 18 18:46:49 2022,package-tree.html,Peter Shipton
Tue Jan 18 18:46:49 2022,package-use.html,Peter Shipton
Tue Jan 18 18:46:49 2022,IMonitorTypes.html,Peter Shipton
Tue Jan 18 18:46:49 2022,IMonitorTypesSov.html,Peter Shipton
Tue Jan 18 18:46:49 2022,MonitorObjectLineRule.html,Peter Shipton
Tue Jan 18 18:46:49 2022,MonitorPatternMatchers.html,Peter Shipton
Tue Jan 18 18:46:49 2022,MonitorSectionParser.html,Peter Shipton
Tue Jan 18 18:46:49 2022,MonitorSovSectionParserPart.html,Peter Shipton
Tue Jan 18 18:46:49 2022,MonitorTagParser.html,Peter Shipton
Tue Jan 18 18:46:49 2022,IMonitorTypes.html,Peter Shipton
Tue Jan 18 18:46:49 2022,IMonitorTypesSov.html,Peter Shipton
Tue Jan 18 18:46:49 2022,MonitorObjectLineRule.html,Peter Shipton
Tue Jan 18 18:46:49 2022,MonitorPatternMatchers.html,Peter Shipton
Tue Jan 18 18:46:49 2022,MonitorSectionParser.html,Peter Shipton
Tue Jan 18 18:46:49 2022,MonitorSovSectionParserPart.html,Peter Shipton
Tue Jan 18 18:46:49 2022,MonitorTagParser.html,Peter Shipton
Tue Jan 18 18:46:49 2022,package-summary.html,Peter Shipton
Tue Jan 18 18:46:49 2022,package-tree.html,Peter Shipton
Tue Jan 18 18:46:49 2022,package-use.html,Peter Shipton
Tue Jan 18 18:46:49 2022,INativeMemoryTypes.html,Peter Shipton
Tue Jan 18 18:46:49 2022,NativeMemoryPatternMatchers.html,Peter Shipton
Tue Jan 18 18:46:49 2022,NativeMemorySectionParser.html,Peter Shipton
Tue Jan 18 18:46:49 2022,NativeMemoryTagParser.html,Peter Shipton
Tue Jan 18 18:46:49 2022,INativeMemoryTypes.html,Peter Shipton
Tue Jan 18 18:46:49 2022,NativeMemoryPatternMatchers.html,Peter Shipton
Tue Jan 18 18:46:49 2022,NativeMemorySectionParser.html,Peter Shipton
Tue Jan 18 18:46:49 2022,NativeMemoryTagParser.html,Peter Shipton
Tue Jan 18 18:46:49 2022,package-summary.html,Peter Shipton
Tue Jan 18 18:46:49 2022,package-tree.html,Peter Shipton
Tue Jan 18 18:46:49 2022,package-use.html,Peter Shipton
Tue Jan 18 18:46:49 2022,IPlatformTypes.html,Peter Shipton
Tue Jan 18 18:46:49 2022,PlatformPatternMatchers.html,Peter Shipton
Tue Jan 18 18:46:49 2022,PlatformSectionParser.html,Peter Shipton
Tue Jan 18 18:46:49 2022,PlatformTagParser.html,Peter Shipton
Tue Jan 18 18:46:49 2022,IPlatformTypes.html,Peter Shipton
Tue Jan 18 18:46:49 2022,PlatformPatternMatchers.html,Peter Shipton
Tue Jan 18 18:46:49 2022,PlatformSectionParser.html,Peter Shipton
Tue Jan 18 18:46:49 2022,PlatformTagParser.html,Peter Shipton
Tue Jan 18 18:46:49 2022,package-summary.html,Peter Shipton
Tue Jan 18 18:46:49 2022,package-tree.html,Peter Shipton
Tue Jan 18 18:46:49 2022,package-use.html,Peter Shipton
Tue Jan 18 18:46:49 2022,IStackTypes.html,Peter Shipton
Tue Jan 18 18:46:49 2022,StackSectionParser.html,Peter Shipton
Tue Jan 18 18:46:49 2022,StackTagParser.html,Peter Shipton
Tue Jan 18 18:46:49 2022,IStackTypes.html,Peter Shipton
Tue Jan 18 18:46:49 2022,StackSectionParser.html,Peter Shipton
Tue Jan 18 18:46:49 2022,StackTagParser.html,Peter Shipton
Tue Jan 18 18:46:49 2022,package-summary.html,Peter Shipton
Tue Jan 18 18:46:49 2022,package-tree.html,Peter Shipton
Tue Jan 18 18:46:49 2022,package-use.html,Peter Shipton
Tue Jan 18 18:46:49 2022,IThreadTypes.html,Peter Shipton
Tue Jan 18 18:46:49 2022,IThreadTypesSov.html,Peter Shipton
Tue Jan 18 18:46:49 2022,NativeStackTraceLineRule.html,Peter Shipton
Tue Jan 18 18:46:49 2022,StackTraceLineRule.html,Peter Shipton
Tue Jan 18 18:46:49 2022,ThreadInfoLineRule.html,Peter Shipton
Tue Jan 18 18:46:49 2022,ThreadPatternMatchers.html,Peter Shipton
Tue Jan 18 18:46:49 2022,ThreadSectionParser.html,Peter Shipton
Tue Jan 18 18:46:49 2022,ThreadSovSectionParserPart.html,Peter Shipton
Tue Jan 18 18:46:49 2022,ThreadTagParser.html,Peter Shipton
Tue Jan 18 18:46:49 2022,IThreadTypes.html,Peter Shipton
Tue Jan 18 18:46:49 2022,IThreadTypesSov.html,Peter Shipton
Tue Jan 18 18:46:49 2022,NativeStackTraceLineRule.html,Peter Shipton
Tue Jan 18 18:46:49 2022,StackTraceLineRule.html,Peter Shipton
Tue Jan 18 18:46:49 2022,ThreadInfoLineRule.html,Peter Shipton
Tue Jan 18 18:46:49 2022,ThreadPatternMatchers.html,Peter Shipton
Tue Jan 18 18:46:49 2022,ThreadSectionParser.html,Peter Shipton
Tue Jan 18 18:46:49 2022,ThreadSovSectionParserPart.html,Peter Shipton
Tue Jan 18 18:46:49 2022,ThreadTagParser.html,Peter Shipton
Tue Jan 18 18:46:49 2022,package-summary.html,Peter Shipton
Tue Jan 18 18:46:49 2022,package-tree.html,Peter Shipton
Tue Jan 18 18:46:49 2022,package-use.html,Peter Shipton
Tue Jan 18 18:46:49 2022,ITitleTypes.html,Peter Shipton
Tue Jan 18 18:46:49 2022,TitleSectionParser.html,Peter Shipton
Tue Jan 18 18:46:49 2022,TitleTagParser.html,Peter Shipton
Tue Jan 18 18:46:49 2022,ITitleTypes.html,Peter Shipton
Tue Jan 18 18:46:49 2022,TitleSectionParser.html,Peter Shipton
Tue Jan 18 18:46:49 2022,TitleTagParser.html,Peter Shipton
Tue Jan 18 18:46:49 2022,package-summary.html,Peter Shipton
Tue Jan 18 18:46:49 2022,package-tree.html,Peter Shipton
Tue Jan 18 18:46:49 2022,package-use.html,Peter Shipton
Tue Jan 18 18:46:49 2022,PHDCorruptData.html,Peter Shipton
Tue Jan 18 18:46:49 2022,PHDCorruptImageModule.html,Peter Shipton
Tue Jan 18 18:46:49 2022,PHDCorruptImageStackFrame.html,Peter Shipton
Tue Jan 18 18:46:49 2022,PHDCorruptImageThread.html,Peter Shipton
Tue Jan 18 18:46:49 2022,PHDCorruptJavaLocation.html,Peter Shipton
Tue Jan 18 18:46:49 2022,PHDCorruptJavaMonitor.html,Peter Shipton
Tue Jan 18 18:46:49 2022,PHDCorruptJavaStackFrame.html,Peter Shipton
Tue Jan 18 18:46:49 2022,PHDCorruptJavaThread.html,Peter Shipton
Tue Jan 18 18:46:49 2022,PHDImage.html,Peter Shipton
Tue Jan 18 18:46:49 2022,PHDImageFactory.html,Peter Shipton
Tue Jan 18 18:46:49 2022,PHDImageModule.html,Peter Shipton
Tue Jan 18 18:46:49 2022,PHDImageStackFrame.html,Peter Shipton
Tue Jan 18 18:46:49 2022,PHDImageThread.html,Peter Shipton
Tue Jan 18 18:46:49 2022,PHDJavaLocation.html,Peter Shipton
Tue Jan 18 18:46:49 2022,PHDJavaMethod.html,Peter Shipton
Tue Jan 18 18:46:49 2022,PHDJavaMonitor.html,Peter Shipton
Tue Jan 18 18:46:49 2022,PHDJavaObject.Builder.html,Peter Shipton
Tue Jan 18 18:46:49 2022,PHDJavaObject.html,Peter Shipton
Tue Jan 18 18:46:49 2022,PHDJavaStackFrame.html,Peter Shipton
Tue Jan 18 18:46:49 2022,PHDJavaThread.html,Peter Shipton
Tue Jan 18 18:46:49 2022,PHDCorruptData.html,Peter Shipton
Tue Jan 18 18:46:49 2022,PHDCorruptImageModule.html,Peter Shipton
Tue Jan 18 18:46:49 2022,PHDCorruptImageStackFrame.html,Peter Shipton
Tue Jan 18 18:46:49 2022,PHDCorruptImageThread.html,Peter Shipton
Tue Jan 18 18:46:49 2022,PHDCorruptJavaLocation.html,Peter Shipton
Tue Jan 18 18:46:49 2022,PHDCorruptJavaMonitor.html,Peter Shipton
Tue Jan 18 18:46:49 2022,PHDCorruptJavaStackFrame.html,Peter Shipton
Tue Jan 18 18:46:49 2022,PHDCorruptJavaThread.html,Peter Shipton
Tue Jan 18 18:46:49 2022,PHDImage.html,Peter Shipton
Tue Jan 18 18:46:49 2022,PHDImageFactory.html,Peter Shipton
Tue Jan 18 18:46:49 2022,PHDImageModule.html,Peter Shipton
Tue Jan 18 18:46:49 2022,PHDImageStackFrame.html,Peter Shipton
Tue Jan 18 18:46:49 2022,PHDImageThread.html,Peter Shipton
Tue Jan 18 18:46:49 2022,PHDJavaLocation.html,Peter Shipton
Tue Jan 18 18:46:49 2022,PHDJavaMethod.html,Peter Shipton
Tue Jan 18 18:46:49 2022,PHDJavaMonitor.html,Peter Shipton
Tue Jan 18 18:46:49 2022,PHDJavaObject.Builder.html,Peter Shipton
Tue Jan 18 18:46:49 2022,PHDJavaObject.html,Peter Shipton
Tue Jan 18 18:46:49 2022,PHDJavaStackFrame.html,Peter Shipton
Tue Jan 18 18:46:49 2022,PHDJavaThread.html,Peter Shipton
Tue Jan 18 18:46:49 2022,package-summary.html,Peter Shipton
Tue Jan 18 18:46:49 2022,package-tree.html,Peter Shipton
Tue Jan 18 18:46:49 2022,package-use.html,Peter Shipton
Tue Jan 18 18:46:49 2022,Base.html,Peter Shipton
Tue Jan 18 18:46:49 2022,HeapdumpReader.html,Peter Shipton
Tue Jan 18 18:46:49 2022,HeapdumpWriter.html,Peter Shipton
Tue Jan 18 18:46:49 2022,PortableHeapDumpListener.html,Peter Shipton
Tue Jan 18 18:46:49 2022,PrintHeapdump.html,Peter Shipton
Tue Jan 18 18:46:49 2022,Base.html,Peter Shipton
Tue Jan 18 18:46:49 2022,HeapdumpReader.html,Peter Shipton
Tue Jan 18 18:46:49 2022,HeapdumpWriter.html,Peter Shipton
Tue Jan 18 18:46:49 2022,PortableHeapDumpListener.html,Peter Shipton
Tue Jan 18 18:46:49 2022,PrintHeapdump.html,Peter Shipton
Tue Jan 18 18:46:49 2022,package-summary.html,Peter Shipton
Tue Jan 18 18:46:49 2022,package-tree.html,Peter Shipton
Tue Jan 18 18:46:49 2022,package-use.html,Peter Shipton
Tue Jan 18 18:46:49 2022,BitStream.html,Peter Shipton
Tue Jan 18 18:46:49 2022,BufferedNumberStream.html,Peter Shipton
Tue Jan 18 18:46:49 2022,LongArray.html,Peter Shipton
Tue Jan 18 18:46:49 2022,LongEnumeration.html,Peter Shipton
Tue Jan 18 18:46:49 2022,NumberStream.html,Peter Shipton
Tue Jan 18 18:46:49 2022,PrimitiveArray.html,Peter Shipton
Tue Jan 18 18:46:49 2022,SortListener.html,Peter Shipton
Tue Jan 18 18:46:49 2022,SortedNumberStream.html,Peter Shipton
Tue Jan 18 18:46:49 2022,BitStream.html,Peter Shipton
Tue Jan 18 18:46:49 2022,BufferedNumberStream.html,Peter Shipton
Tue Jan 18 18:46:49 2022,LongArray.html,Peter Shipton
Tue Jan 18 18:46:49 2022,LongEnumeration.html,Peter Shipton
Tue Jan 18 18:46:49 2022,NumberStream.html,Peter Shipton
Tue Jan 18 18:46:49 2022,PrimitiveArray.html,Peter Shipton
Tue Jan 18 18:46:49 2022,SortListener.html,Peter Shipton
Tue Jan 18 18:46:49 2022,SortedNumberStream.html,Peter Shipton
Tue Jan 18 18:46:49 2022,package-summary.html,Peter Shipton
Tue Jan 18 18:46:49 2022,package-tree.html,Peter Shipton
Tue Jan 18 18:46:49 2022,package-use.html,Peter Shipton
Tue Jan 18 18:46:49 2022,ManagedRuntime.html,Peter Shipton
Tue Jan 18 18:46:49 2022,ManagedRuntime.html,Peter Shipton
Tue Jan 18 18:46:49 2022,package-summary.html,Peter Shipton
Tue Jan 18 18:46:49 2022,package-tree.html,Peter Shipton
Tue Jan 18 18:46:49 2022,package-use.html,Peter Shipton
Tue Jan 18 18:46:49 2022,ManagedImage.html,Peter Shipton
Tue Jan 18 18:46:49 2022,ManagedImage.html,Peter Shipton
Tue Jan 18 18:46:49 2022,CompressedFileManager.html,Peter Shipton
Tue Jan 18 18:46:49 2022,FileManager.html,Peter Shipton
Tue Jan 18 18:46:49 2022,FileSniffer.CoreFormatType.html,Peter Shipton
Tue Jan 18 18:46:49 2022,FileSniffer.html,Peter Shipton
Tue Jan 18 18:46:49 2022,GZipFileManager.html,Peter Shipton
Tue Jan 18 18:46:49 2022,ImageSourceType.html,Peter Shipton
Tue Jan 18 18:46:49 2022,J9FileImageInputStream.html,Peter Shipton
Tue Jan 18 18:46:49 2022,ManagedImageSource.html,Peter Shipton
Tue Jan 18 18:46:49 2022,MultipleCandidateException.html,Peter Shipton
Tue Jan 18 18:46:49 2022,SimpleFileManager.html,Peter Shipton
Tue Jan 18 18:46:49 2022,UnzipFailedException.html,Peter Shipton
Tue Jan 18 18:46:49 2022,ZipFileManager.html,Peter Shipton
Tue Jan 18 18:46:49 2022,ZipMemoryCacheImageInputStream.html,Peter Shipton
Tue Jan 18 18:46:49 2022,CompressedFileManager.html,Peter Shipton
Tue Jan 18 18:46:49 2022,FileManager.html,Peter Shipton
Tue Jan 18 18:46:49 2022,FileSniffer.CoreFormatType.html,Peter Shipton
Tue Jan 18 18:46:49 2022,FileSniffer.html,Peter Shipton
Tue Jan 18 18:46:49 2022,GZipFileManager.html,Peter Shipton
Tue Jan 18 18:46:49 2022,ImageSourceType.html,Peter Shipton
Tue Jan 18 18:46:49 2022,J9FileImageInputStream.html,Peter Shipton
Tue Jan 18 18:46:49 2022,ManagedImageSource.html,Peter Shipton
Tue Jan 18 18:46:49 2022,MultipleCandidateException.html,Peter Shipton
Tue Jan 18 18:46:49 2022,SimpleFileManager.html,Peter Shipton
Tue Jan 18 18:46:49 2022,UnzipFailedException.html,Peter Shipton
Tue Jan 18 18:46:49 2022,ZipFileManager.html,Peter Shipton
Tue Jan 18 18:46:49 2022,ZipMemoryCacheImageInputStream.html,Peter Shipton
Tue Jan 18 18:46:49 2022,package-summary.html,Peter Shipton
Tue Jan 18 18:46:49 2022,package-tree.html,Peter Shipton
Tue Jan 18 18:46:49 2022,package-use.html,Peter Shipton
Tue Jan 18 18:46:49 2022,package-summary.html,Peter Shipton
Tue Jan 18 18:46:49 2022,package-tree.html,Peter Shipton
Tue Jan 18 18:46:49 2022,package-use.html,Peter Shipton
Tue Jan 18 18:46:49 2022,AddressedCorruptDataException.html,Peter Shipton
Tue Jan 18 18:46:49 2022,BytecodeGenerator.html,Peter Shipton
Tue Jan 18 18:46:49 2022,CTypeParser.html,Peter Shipton
Tue Jan 18 18:46:49 2022,CorruptDataException.html,Peter Shipton
Tue Jan 18 18:46:49 2022,DDRSymbolFinder.html,Peter Shipton
Tue Jan 18 18:46:49 2022,DataUnavailableException.html,Peter Shipton
Tue Jan 18 18:46:49 2022,GeneratedFieldAccessor.html,Peter Shipton
Tue Jan 18 18:46:49 2022,GeneratedPointerClass.html,Peter Shipton
Tue Jan 18 18:46:49 2022,IBootstrapRunnable.html,Peter Shipton
Tue Jan 18 18:46:49 2022,IVMData.html,Peter Shipton
Tue Jan 18 18:46:49 2022,InvalidDataTypeException.html,Peter Shipton
Tue Jan 18 18:46:49 2022,J9DDRClassLoader.html,Peter Shipton
Tue Jan 18 18:46:49 2022,NoSuchFieldException.html,Peter Shipton
Tue Jan 18 18:46:49 2022,NullPointerDereference.html,Peter Shipton
Tue Jan 18 18:46:49 2022,StructureHeader.BlobID.html,Peter Shipton
Tue Jan 18 18:46:49 2022,StructureHeader.html,Peter Shipton
Tue Jan 18 18:46:49 2022,StructureReader.ConstantDescriptor.html,Peter Shipton
Tue Jan 18 18:46:49 2022,StructureReader.FieldDescriptor.html,Peter Shipton
Tue Jan 18 18:46:49 2022,StructureReader.PackageNameType.html,Peter Shipton
Tue Jan 18 18:46:49 2022,StructureReader.StructureDescriptor.html,Peter Shipton
Tue Jan 18 18:46:49 2022,StructureReader.html,Peter Shipton
Tue Jan 18 18:46:49 2022,StructureTypeManager.html,Peter Shipton
Tue Jan 18 18:46:49 2022,VMDataFactory.html,Peter Shipton
Tue Jan 18 18:46:49 2022,BlobFactory.html,Peter Shipton
Tue Jan 18 18:46:49 2022,IBlobFactory.Platforms.html,Peter Shipton
Tue Jan 18 18:46:49 2022,IBlobFactory.html,Peter Shipton
Tue Jan 18 18:46:49 2022,BlobFactory.html,Peter Shipton
Tue Jan 18 18:46:49 2022,IBlobFactory.Platforms.html,Peter Shipton
Tue Jan 18 18:46:49 2022,IBlobFactory.html,Peter Shipton
Tue Jan 18 18:46:49 2022,package-summary.html,Peter Shipton
Tue Jan 18 18:46:49 2022,package-tree.html,Peter Shipton
Tue Jan 18 18:46:49 2022,package-use.html,Peter Shipton
Tue Jan 18 18:46:49 2022,AddressedCorruptDataException.html,Peter Shipton
Tue Jan 18 18:46:49 2022,BytecodeGenerator.html,Peter Shipton
Tue Jan 18 18:46:49 2022,CTypeParser.html,Peter Shipton
Tue Jan 18 18:46:49 2022,CorruptDataException.html,Peter Shipton
Tue Jan 18 18:46:49 2022,DDRSymbolFinder.html,Peter Shipton
Tue Jan 18 18:46:49 2022,DataUnavailableException.html,Peter Shipton
Tue Jan 18 18:46:49 2022,GeneratedFieldAccessor.html,Peter Shipton
Tue Jan 18 18:46:49 2022,GeneratedPointerClass.html,Peter Shipton
Tue Jan 18 18:46:49 2022,IBootstrapRunnable.html,Peter Shipton
Tue Jan 18 18:46:49 2022,IVMData.html,Peter Shipton
Tue Jan 18 18:46:49 2022,InvalidDataTypeException.html,Peter Shipton
Tue Jan 18 18:46:49 2022,J9DDRClassLoader.html,Peter Shipton
Tue Jan 18 18:46:49 2022,NoSuchFieldException.html,Peter Shipton
Tue Jan 18 18:46:49 2022,NullPointerDereference.html,Peter Shipton
Tue Jan 18 18:46:49 2022,StructureHeader.BlobID.html,Peter Shipton
Tue Jan 18 18:46:49 2022,StructureHeader.html,Peter Shipton
Tue Jan 18 18:46:49 2022,StructureReader.ConstantDescriptor.html,Peter Shipton
Tue Jan 18 18:46:49 2022,StructureReader.FieldDescriptor.html,Peter Shipton
Tue Jan 18 18:46:49 2022,StructureReader.PackageNameType.html,Peter Shipton
Tue Jan 18 18:46:49 2022,StructureReader.StructureDescriptor.html,Peter Shipton
Tue Jan 18 18:46:49 2022,StructureReader.html,Peter Shipton
Tue Jan 18 18:46:49 2022,StructureTypeManager.html,Peter Shipton
Tue Jan 18 18:46:49 2022,VMDataFactory.html,Peter Shipton
Tue Jan 18 18:46:49 2022,CommandParser.html,Peter Shipton
Tue Jan 18 18:46:49 2022,CommandReader.html,Peter Shipton
Tue Jan 18 18:46:49 2022,ConsoleCommandReader.html,Peter Shipton
Tue Jan 18 18:46:49 2022,ExitException.html,Peter Shipton
Tue Jan 18 18:46:49 2022,CommandParser.html,Peter Shipton
Tue Jan 18 18:46:49 2022,CommandReader.html,Peter Shipton
Tue Jan 18 18:46:49 2022,ConsoleCommandReader.html,Peter Shipton
Tue Jan 18 18:46:49 2022,ExitException.html,Peter Shipton
Tue Jan 18 18:46:49 2022,package-summary.html,Peter Shipton
Tue Jan 18 18:46:49 2022,package-tree.html,Peter Shipton
Tue Jan 18 18:46:49 2022,package-use.html,Peter Shipton
Tue Jan 18 18:46:49 2022,AbstractCoreReader.html,Peter Shipton
Tue Jan 18 18:46:49 2022,ClosingFileReader.html,Peter Shipton
Tue Jan 18 18:46:49 2022,CoreReader.html,Peter Shipton
Tue Jan 18 18:46:49 2022,CorruptCoreException.html,Peter Shipton
Tue Jan 18 18:46:49 2022,DumpException.html,Peter Shipton
Tue Jan 18 18:46:49 2022,ICore.html,Peter Shipton
Tue Jan 18 18:46:49 2022,ICoreFileReader.DumpTestResult.html,Peter Shipton
Tue Jan 18 18:46:49 2022,ICoreFileReader.html,Peter Shipton
Tue Jan 18 18:46:49 2022,ILibraryDependentCore.html,Peter Shipton
Tue Jan 18 18:46:49 2022,ILibraryResolver.html,Peter Shipton
Tue Jan 18 18:46:49 2022,IModuleFile.html,Peter Shipton
Tue Jan 18 18:46:49 2022,InvalidDumpFormatException.html,Peter Shipton
Tue Jan 18 18:46:49 2022,LibraryDataSource.Source.html,Peter Shipton
Tue Jan 18 18:46:49 2022,LibraryDataSource.html,Peter Shipton
Tue Jan 18 18:46:49 2022,LibraryResolverFactory.html,Peter Shipton
Tue Jan 18 18:46:49 2022,Platform.html,Peter Shipton
Tue Jan 18 18:46:49 2022,ShutdownHook.html,Peter Shipton
Tue Jan 18 18:46:49 2022,ZipFileResolver.html,Peter Shipton
Tue Jan 18 18:46:49 2022,AIXDumpReader.html,Peter Shipton
Tue Jan 18 18:46:49 2022,AIXDumpReaderFactory.html,Peter Shipton
Tue Jan 18 18:46:49 2022,ARReader.html,Peter Shipton
Tue Jan 18 18:46:49 2022,BaseAIXOSThread.html,Peter Shipton
Tue Jan 18 18:46:49 2022,XCOFFReader.html,Peter Shipton
Tue Jan 18 18:46:49 2022,AIXDumpReader.html,Peter Shipton
Tue Jan 18 18:46:49 2022,AIXDumpReaderFactory.html,Peter Shipton
Tue Jan 18 18:46:49 2022,ARReader.html,Peter Shipton
Tue Jan 18 18:46:49 2022,BaseAIXOSThread.html,Peter Shipton
Tue Jan 18 18:46:49 2022,XCOFFReader.html,Peter Shipton
Tue Jan 18 18:46:49 2022,package-summary.html,Peter Shipton
Tue Jan 18 18:46:49 2022,package-tree.html,Peter Shipton
Tue Jan 18 18:46:49 2022,package-use.html,Peter Shipton
Tue Jan 18 18:46:49 2022,AbstractCoreReader.html,Peter Shipton
Tue Jan 18 18:46:49 2022,ClosingFileReader.html,Peter Shipton
Tue Jan 18 18:46:49 2022,CoreReader.html,Peter Shipton
Tue Jan 18 18:46:49 2022,CorruptCoreException.html,Peter Shipton
Tue Jan 18 18:46:49 2022,DumpException.html,Peter Shipton
Tue Jan 18 18:46:49 2022,ICore.html,Peter Shipton
Tue Jan 18 18:46:49 2022,ICoreFileReader.DumpTestResult.html,Peter Shipton
Tue Jan 18 18:46:49 2022,ICoreFileReader.html,Peter Shipton
Tue Jan 18 18:46:49 2022,ILibraryDependentCore.html,Peter Shipton
Tue Jan 18 18:46:49 2022,ILibraryResolver.html,Peter Shipton
Tue Jan 18 18:46:49 2022,IModuleFile.html,Peter Shipton
Tue Jan 18 18:46:49 2022,InvalidDumpFormatException.html,Peter Shipton
Tue Jan 18 18:46:49 2022,LibraryDataSource.Source.html,Peter Shipton
Tue Jan 18 18:46:49 2022,LibraryDataSource.html,Peter Shipton
Tue Jan 18 18:46:49 2022,LibraryResolverFactory.html,Peter Shipton
Tue Jan 18 18:46:49 2022,Platform.html,Peter Shipton
Tue Jan 18 18:46:49 2022,ShutdownHook.html,Peter Shipton
Tue Jan 18 18:46:49 2022,ZipFileResolver.html,Peter Shipton
Tue Jan 18 18:46:49 2022,ELF32FileReader.html,Peter Shipton
Tue Jan 18 18:46:49 2022,ELF64FileReader.html,Peter Shipton
Tue Jan 18 18:46:49 2022,ELFAArch64DumpReader.html,Peter Shipton
Tue Jan 18 18:46:49 2022,ELFAMD64DumpReader.html,Peter Shipton
Tue Jan 18 18:46:49 2022,ELFARM32DumpReader.html,Peter Shipton
Tue Jan 18 18:46:49 2022,ELFDumpReader.LinuxThread.html,Peter Shipton
Tue Jan 18 18:46:49 2022,ELFDumpReader.RegisterComparator.html,Peter Shipton
Tue Jan 18 18:46:49 2022,ELFDumpReader.html,Peter Shipton
Tue Jan 18 18:46:49 2022,ELFDumpReaderFactory.html,Peter Shipton
Tue Jan 18 18:46:49 2022,ELFFileReader.html,Peter Shipton
Tue Jan 18 18:46:49 2022,ELFIA32DumpReader.html,Peter Shipton
Tue Jan 18 18:46:49 2022,ELFMemorySource.html,Peter Shipton
Tue Jan 18 18:46:49 2022,ELFPPC32DumpReader.html,Peter Shipton
Tue Jan 18 18:46:49 2022,ELFPPC64DumpReader.html,Peter Shipton
Tue Jan 18 18:46:49 2022,ELFRISCV64DumpReader.html,Peter Shipton
Tue Jan 18 18:46:49 2022,ELFS39031DumpReader.html,Peter Shipton
Tue Jan 18 18:46:49 2022,ELFS39064DumpReader.html,Peter Shipton
Tue Jan 18 18:46:49 2022,LinuxProcessAddressSpace.html,Peter Shipton
Tue Jan 18 18:46:49 2022,ProgramHeaderEntry.html,Peter Shipton
Tue Jan 18 18:46:49 2022,ELF32FileReader.html,Peter Shipton
Tue Jan 18 18:46:49 2022,ELF64FileReader.html,Peter Shipton
Tue Jan 18 18:46:49 2022,ELFAArch64DumpReader.html,Peter Shipton
Tue Jan 18 18:46:49 2022,ELFAMD64DumpReader.html,Peter Shipton
Tue Jan 18 18:46:49 2022,ELFARM32DumpReader.html,Peter Shipton
Tue Jan 18 18:46:49 2022,ELFDumpReader.LinuxThread.html,Peter Shipton
Tue Jan 18 18:46:49 2022,ELFDumpReader.RegisterComparator.html,Peter Shipton
Tue Jan 18 18:46:49 2022,ELFDumpReader.html,Peter Shipton
Tue Jan 18 18:46:49 2022,ELFDumpReaderFactory.html,Peter Shipton
Tue Jan 18 18:46:49 2022,ELFFileReader.html,Peter Shipton
Tue Jan 18 18:46:49 2022,ELFIA32DumpReader.html,Peter Shipton
Tue Jan 18 18:46:49 2022,ELFMemorySource.html,Peter Shipton
Tue Jan 18 18:46:49 2022,ELFPPC32DumpReader.html,Peter Shipton
Tue Jan 18 18:46:49 2022,ELFPPC64DumpReader.html,Peter Shipton
Tue Jan 18 18:46:49 2022,ELFRISCV64DumpReader.html,Peter Shipton
Tue Jan 18 18:46:49 2022,ELFS39031DumpReader.html,Peter Shipton
Tue Jan 18 18:46:49 2022,ELFS39064DumpReader.html,Peter Shipton
Tue Jan 18 18:46:49 2022,LinuxProcessAddressSpace.html,Peter Shipton
Tue Jan 18 18:46:49 2022,ProgramHeaderEntry.html,Peter Shipton
Tue Jan 18 18:46:49 2022,package-summary.html,Peter Shipton
Tue Jan 18 18:46:49 2022,package-tree.html,Peter Shipton
Tue Jan 18 18:46:49 2022,package-use.html,Peter Shipton
Tue Jan 18 18:46:49 2022,FDE.html,Peter Shipton
Tue Jan 18 18:46:49 2022,Unwind.DW_EH_PE.html,Peter Shipton
Tue Jan 18 18:46:49 2022,Unwind.html,Peter Shipton
Tue Jan 18 18:46:49 2022,UnwindTable.html,Peter Shipton
Tue Jan 18 18:46:49 2022,FDE.html,Peter Shipton
Tue Jan 18 18:46:49 2022,Unwind.DW_EH_PE.html,Peter Shipton
Tue Jan 18 18:46:49 2022,Unwind.html,Peter Shipton
Tue Jan 18 18:46:49 2022,UnwindTable.html,Peter Shipton
Tue Jan 18 18:46:49 2022,package-summary.html,Peter Shipton
Tue Jan 18 18:46:49 2022,package-tree.html,Peter Shipton
Tue Jan 18 18:46:49 2022,package-use.html,Peter Shipton
Tue Jan 18 18:46:49 2022,BuildVersionCommand.BuildToolVersion.html,Peter Shipton
Tue Jan 18 18:46:49 2022,BuildVersionCommand.Version.html,Peter Shipton
Tue Jan 18 18:46:49 2022,BuildVersionCommand.html,Peter Shipton
Tue Jan 18 18:46:49 2022,DSymtabCommand.html,Peter Shipton
Tue Jan 18 18:46:49 2022,DyldInfoCommand.html,Peter Shipton
Tue Jan 18 18:46:49 2022,DylibCommand.Dylib.html,Peter Shipton
Tue Jan 18 18:46:49 2022,DylibCommand.html,Peter Shipton
Tue Jan 18 18:46:49 2022,DylinkerCommand.html,Peter Shipton
Tue Jan 18 18:46:49 2022,EncryptionCommand64.html,Peter Shipton
Tue Jan 18 18:46:49 2022,EntryPointCommand.html,Peter Shipton
Tue Jan 18 18:46:49 2022,LinkeditDataCommand.html,Peter Shipton
Tue Jan 18 18:46:49 2022,LinkerOptionCommand.html,Peter Shipton
Tue Jan 18 18:46:49 2022,LoadCommand.LoadCommandString.html,Peter Shipton
Tue Jan 18 18:46:49 2022,LoadCommand.html,Peter Shipton
Tue Jan 18 18:46:49 2022,MachoDumpReader.MachFile64.html,Peter Shipton
Tue Jan 18 18:46:49 2022,MachoDumpReader.MachHeader64.html,Peter Shipton
Tue Jan 18 18:46:49 2022,MachoDumpReader.OSXThread.html,Peter Shipton
Tue Jan 18 18:46:49 2022,MachoDumpReader.html,Peter Shipton
Tue Jan 18 18:46:49 2022,MachoDumpReaderFactory.html,Peter Shipton
Tue Jan 18 18:46:49 2022,NoteCommand.html,Peter Shipton
Tue Jan 18 18:46:49 2022,OSXProcessAddressSpace.html,Peter Shipton
Tue Jan 18 18:46:49 2022,PrebindChecksumCommand.html,Peter Shipton
Tue Jan 18 18:46:49 2022,PreboundDylibCommand.html,Peter Shipton
Tue Jan 18 18:46:49 2022,RoutinesCommand64.html,Peter Shipton
Tue Jan 18 18:46:49 2022,RpathCommand.html,Peter Shipton
Tue Jan 18 18:46:49 2022,SegmentCommand64.Section64.html,Peter Shipton
Tue Jan 18 18:46:49 2022,SegmentCommand64.html,Peter Shipton
Tue Jan 18 18:46:49 2022,SourceVersionCommand.html,Peter Shipton
Tue Jan 18 18:46:49 2022,SubCommand.html,Peter Shipton
Tue Jan 18 18:46:49 2022,SymtabCommand.SymtabEntry64.html,Peter Shipton
Tue Jan 18 18:46:49 2022,SymtabCommand.html,Peter Shipton
Tue Jan 18 18:46:49 2022,ThreadCommand.ThreadState.html,Peter Shipton
Tue Jan 18 18:46:49 2022,ThreadCommand.html,Peter Shipton
Tue Jan 18 18:46:49 2022,TwoLevelHintsCommand.html,Peter Shipton
Tue Jan 18 18:46:49 2022,UuidCommand.html,Peter Shipton
Tue Jan 18 18:46:49 2022,VersionMinCommand.html,Peter Shipton
Tue Jan 18 18:46:49 2022,BuildVersionCommand.BuildToolVersion.html,Peter Shipton
Tue Jan 18 18:46:49 2022,BuildVersionCommand.Version.html,Peter Shipton
Tue Jan 18 18:46:49 2022,BuildVersionCommand.html,Peter Shipton
Tue Jan 18 18:46:49 2022,DSymtabCommand.html,Peter Shipton
Tue Jan 18 18:46:49 2022,DyldInfoCommand.html,Peter Shipton
Tue Jan 18 18:46:49 2022,DylibCommand.Dylib.html,Peter Shipton
Tue Jan 18 18:46:49 2022,DylibCommand.html,Peter Shipton
Tue Jan 18 18:46:49 2022,DylinkerCommand.html,Peter Shipton
Tue Jan 18 18:46:49 2022,EncryptionCommand64.html,Peter Shipton
Tue Jan 18 18:46:49 2022,EntryPointCommand.html,Peter Shipton
Tue Jan 18 18:46:49 2022,LinkeditDataCommand.html,Peter Shipton
Tue Jan 18 18:46:49 2022,LinkerOptionCommand.html,Peter Shipton
Tue Jan 18 18:46:49 2022,LoadCommand.LoadCommandString.html,Peter Shipton
Tue Jan 18 18:46:49 2022,LoadCommand.html,Peter Shipton
Tue Jan 18 18:46:49 2022,MachoDumpReader.MachFile64.html,Peter Shipton
Tue Jan 18 18:46:49 2022,MachoDumpReader.MachHeader64.html,Peter Shipton
Tue Jan 18 18:46:49 2022,MachoDumpReader.OSXThread.html,Peter Shipton
Tue Jan 18 18:46:49 2022,MachoDumpReader.html,Peter Shipton
Tue Jan 18 18:46:49 2022,MachoDumpReaderFactory.html,Peter Shipton
Tue Jan 18 18:46:49 2022,NoteCommand.html,Peter Shipton
Tue Jan 18 18:46:49 2022,OSXProcessAddressSpace.html,Peter Shipton
Tue Jan 18 18:46:49 2022,PrebindChecksumCommand.html,Peter Shipton
Tue Jan 18 18:46:49 2022,PreboundDylibCommand.html,Peter Shipton
Tue Jan 18 18:46:49 2022,RoutinesCommand64.html,Peter Shipton
Tue Jan 18 18:46:49 2022,RpathCommand.html,Peter Shipton
Tue Jan 18 18:46:49 2022,SegmentCommand64.Section64.html,Peter Shipton
Tue Jan 18 18:46:49 2022,SegmentCommand64.html,Peter Shipton
Tue Jan 18 18:46:49 2022,SourceVersionCommand.html,Peter Shipton
Tue Jan 18 18:46:49 2022,SubCommand.html,Peter Shipton
Tue Jan 18 18:46:49 2022,SymtabCommand.SymtabEntry64.html,Peter Shipton
Tue Jan 18 18:46:49 2022,SymtabCommand.html,Peter Shipton
Tue Jan 18 18:46:49 2022,ThreadCommand.ThreadState.html,Peter Shipton
Tue Jan 18 18:46:49 2022,ThreadCommand.html,Peter Shipton
Tue Jan 18 18:46:49 2022,TwoLevelHintsCommand.html,Peter Shipton
Tue Jan 18 18:46:49 2022,UuidCommand.html,Peter Shipton
Tue Jan 18 18:46:49 2022,VersionMinCommand.html,Peter Shipton
Tue Jan 18 18:46:49 2022,package-summary.html,Peter Shipton
Tue Jan 18 18:46:49 2022,package-tree.html,Peter Shipton
Tue Jan 18 18:46:49 2022,package-use.html,Peter Shipton
Tue Jan 18 18:46:49 2022,AbstractMemory.html,Peter Shipton
Tue Jan 18 18:46:49 2022,Addresses.html,Peter Shipton
Tue Jan 18 18:46:49 2022,BaseMemoryRange.html,Peter Shipton
Tue Jan 18 18:46:49 2022,BaseModule.html,Peter Shipton
Tue Jan 18 18:46:49 2022,BufferedMemory.html,Peter Shipton
Tue Jan 18 18:46:49 2022,BufferedMemorySource.html,Peter Shipton
Tue Jan 18 18:46:49 2022,DetailedDumpMemorySource.html,Peter Shipton
Tue Jan 18 18:46:49 2022,DumpMemorySource.html,Peter Shipton
Tue Jan 18 18:46:49 2022,EnvironmentUtils.html,Peter Shipton
Tue Jan 18 18:46:49 2022,IAddressSpace.html,Peter Shipton
Tue Jan 18 18:46:49 2022,IDetailedMemoryRange.html,Peter Shipton
Tue Jan 18 18:46:49 2022,IMemory.html,Peter Shipton
Tue Jan 18 18:46:49 2022,IMemoryImageInputStream.html,Peter Shipton
Tue Jan 18 18:46:49 2022,IMemoryRange.html,Peter Shipton
Tue Jan 18 18:46:49 2022,IMemorySource.html,Peter Shipton
Tue Jan 18 18:46:49 2022,IModule.html,Peter Shipton
Tue Jan 18 18:46:49 2022,INamedMemoryRange.html,Peter Shipton
Tue Jan 18 18:46:49 2022,IProcess.html,Peter Shipton
Tue Jan 18 18:46:49 2022,ISymbol.html,Peter Shipton
Tue Jan 18 18:46:49 2022,MemoryFault.html,Peter Shipton
Tue Jan 18 18:46:49 2022,MemoryRange.html,Peter Shipton
Tue Jan 18 18:46:49 2022,MemorySourceTable.html,Peter Shipton
Tue Jan 18 18:46:49 2022,MissingFileModule.html,Peter Shipton
Tue Jan 18 18:46:49 2022,Module.html,Peter Shipton
Tue Jan 18 18:46:49 2022,ProcessAddressSpace.html,Peter Shipton
Tue Jan 18 18:46:49 2022,ProtectedMemoryRange.html,Peter Shipton
Tue Jan 18 18:46:49 2022,SearchableMemory.html,Peter Shipton
Tue Jan 18 18:46:49 2022,Symbol.html,Peter Shipton
Tue Jan 18 18:46:49 2022,SymbolUtil.html,Peter Shipton
Tue Jan 18 18:46:49 2022,UnbackedMemorySource.html,Peter Shipton
Tue Jan 18 18:46:49 2022,AbstractMemory.html,Peter Shipton
Tue Jan 18 18:46:49 2022,Addresses.html,Peter Shipton
Tue Jan 18 18:46:49 2022,BaseMemoryRange.html,Peter Shipton
Tue Jan 18 18:46:49 2022,BaseModule.html,Peter Shipton
Tue Jan 18 18:46:49 2022,BufferedMemory.html,Peter Shipton
Tue Jan 18 18:46:49 2022,BufferedMemorySource.html,Peter Shipton
Tue Jan 18 18:46:49 2022,DetailedDumpMemorySource.html,Peter Shipton
Tue Jan 18 18:46:49 2022,DumpMemorySource.html,Peter Shipton
Tue Jan 18 18:46:49 2022,EnvironmentUtils.html,Peter Shipton
Tue Jan 18 18:46:49 2022,IAddressSpace.html,Peter Shipton
Tue Jan 18 18:46:49 2022,IDetailedMemoryRange.html,Peter Shipton
Tue Jan 18 18:46:49 2022,IMemory.html,Peter Shipton
Tue Jan 18 18:46:49 2022,IMemoryImageInputStream.html,Peter Shipton
Tue Jan 18 18:46:49 2022,IMemoryRange.html,Peter Shipton
Tue Jan 18 18:46:49 2022,IMemorySource.html,Peter Shipton
Tue Jan 18 18:46:49 2022,IModule.html,Peter Shipton
Tue Jan 18 18:46:49 2022,INamedMemoryRange.html,Peter Shipton
Tue Jan 18 18:46:49 2022,IProcess.html,Peter Shipton
Tue Jan 18 18:46:49 2022,ISymbol.html,Peter Shipton
Tue Jan 18 18:46:49 2022,MemoryFault.html,Peter Shipton
Tue Jan 18 18:46:49 2022,MemoryRange.html,Peter Shipton
Tue Jan 18 18:46:49 2022,MemorySourceTable.html,Peter Shipton
Tue Jan 18 18:46:49 2022,MissingFileModule.html,Peter Shipton
Tue Jan 18 18:46:49 2022,Module.html,Peter Shipton
Tue Jan 18 18:46:49 2022,ProcessAddressSpace.html,Peter Shipton
Tue Jan 18 18:46:49 2022,ProtectedMemoryRange.html,Peter Shipton
Tue Jan 18 18:46:49 2022,SearchableMemory.html,Peter Shipton
Tue Jan 18 18:46:49 2022,Symbol.html,Peter Shipton
Tue Jan 18 18:46:49 2022,SymbolUtil.html,Peter Shipton
Tue Jan 18 18:46:49 2022,UnbackedMemorySource.html,Peter Shipton
Tue Jan 18 18:46:49 2022,package-summary.html,Peter Shipton
Tue Jan 18 18:46:49 2022,package-tree.html,Peter Shipton
Tue Jan 18 18:46:49 2022,package-use.html,Peter Shipton
Tue Jan 18 18:46:49 2022,BaseWindowsOSThread.html,Peter Shipton
Tue Jan 18 18:46:49 2022,MemoryInfoStream.html,Peter Shipton
Tue Jan 18 18:46:49 2022,MiniDumpReader.html,Peter Shipton
Tue Jan 18 18:46:49 2022,ThreadInfoStream.html,Peter Shipton
Tue Jan 18 18:46:49 2022,WindowsProcessAddressSpace.html,Peter Shipton
Tue Jan 18 18:46:49 2022,BaseWindowsOSThread.html,Peter Shipton
Tue Jan 18 18:46:49 2022,MemoryInfoStream.html,Peter Shipton
Tue Jan 18 18:46:49 2022,MiniDumpReader.html,Peter Shipton
Tue Jan 18 18:46:49 2022,ThreadInfoStream.html,Peter Shipton
Tue Jan 18 18:46:49 2022,WindowsProcessAddressSpace.html,Peter Shipton
Tue Jan 18 18:46:49 2022,package-summary.html,Peter Shipton
Tue Jan 18 18:46:49 2022,package-tree.html,Peter Shipton
Tue Jan 18 18:46:49 2022,package-use.html,Peter Shipton
Tue Jan 18 18:46:49 2022,RuntimeFunction.html,Peter Shipton
Tue Jan 18 18:46:49 2022,UnwindCode.html,Peter Shipton
Tue Jan 18 18:46:49 2022,UnwindInfo.html,Peter Shipton
Tue Jan 18 18:46:49 2022,UnwindModule.html,Peter Shipton
Tue Jan 18 18:46:49 2022,RuntimeFunction.html,Peter Shipton
Tue Jan 18 18:46:49 2022,UnwindCode.html,Peter Shipton
Tue Jan 18 18:46:49 2022,UnwindInfo.html,Peter Shipton
Tue Jan 18 18:46:49 2022,UnwindModule.html,Peter Shipton
Tue Jan 18 18:46:49 2022,package-summary.html,Peter Shipton
Tue Jan 18 18:46:49 2022,package-tree.html,Peter Shipton
Tue Jan 18 18:46:49 2022,package-use.html,Peter Shipton
Tue Jan 18 18:46:49 2022,IOSStackFrame.html,Peter Shipton
Tue Jan 18 18:46:49 2022,IOSThread.html,Peter Shipton
Tue Jan 18 18:46:49 2022,IRegister.html,Peter Shipton
Tue Jan 18 18:46:49 2022,OSStackFrame.html,Peter Shipton
Tue Jan 18 18:46:49 2022,Register.html,Peter Shipton
Tue Jan 18 18:46:49 2022,IOSStackFrame.html,Peter Shipton
Tue Jan 18 18:46:49 2022,IOSThread.html,Peter Shipton
Tue Jan 18 18:46:49 2022,IRegister.html,Peter Shipton
Tue Jan 18 18:46:49 2022,OSStackFrame.html,Peter Shipton
Tue Jan 18 18:46:49 2022,Register.html,Peter Shipton
Tue Jan 18 18:46:49 2022,package-summary.html,Peter Shipton
Tue Jan 18 18:46:49 2022,package-tree.html,Peter Shipton
Tue Jan 18 18:46:49 2022,package-use.html,Peter Shipton
Tue Jan 18 18:46:49 2022,package-summary.html,Peter Shipton
Tue Jan 18 18:46:49 2022,package-tree.html,Peter Shipton
Tue Jan 18 18:46:49 2022,package-use.html,Peter Shipton
Tue Jan 18 18:46:49 2022,TDumpReader.html,Peter Shipton
Tue Jan 18 18:46:49 2022,TDumpReader.html,Peter Shipton
Tue Jan 18 18:46:49 2022,package-summary.html,Peter Shipton
Tue Jan 18 18:46:49 2022,package-tree.html,Peter Shipton
Tue Jan 18 18:46:49 2022,package-use.html,Peter Shipton
Tue Jan 18 18:46:49 2022,AddressRange.html,Peter Shipton
Tue Jan 18 18:46:49 2022,AddressSpace.html,Peter Shipton
Tue Jan 18 18:46:49 2022,AddressSpaceImageInputStream.html,Peter Shipton
Tue Jan 18 18:46:49 2022,Dump.html,Peter Shipton
Tue Jan 18 18:46:49 2022,MutableAddressSpace.html,Peter Shipton
Tue Jan 18 18:46:49 2022,SearchListener.html,Peter Shipton
Tue Jan 18 18:46:49 2022,SystemTrace.Entry.html,Peter Shipton
Tue Jan 18 18:46:49 2022,SystemTrace.html,Peter Shipton
Tue Jan 18 18:46:49 2022,AddressRange.html,Peter Shipton
Tue Jan 18 18:46:49 2022,AddressSpace.html,Peter Shipton
Tue Jan 18 18:46:49 2022,AddressSpaceImageInputStream.html,Peter Shipton
Tue Jan 18 18:46:49 2022,Dump.html,Peter Shipton
Tue Jan 18 18:46:49 2022,MutableAddressSpace.html,Peter Shipton
Tue Jan 18 18:46:49 2022,SearchListener.html,Peter Shipton
Tue Jan 18 18:46:49 2022,SystemTrace.Entry.html,Peter Shipton
Tue Jan 18 18:46:49 2022,SystemTrace.html,Peter Shipton
Tue Jan 18 18:46:49 2022,package-summary.html,Peter Shipton
Tue Jan 18 18:46:49 2022,package-tree.html,Peter Shipton
Tue Jan 18 18:46:49 2022,package-use.html,Peter Shipton
Tue Jan 18 18:46:49 2022,Caa.html,Peter Shipton
Tue Jan 18 18:46:49 2022,Caa32Template.html,Peter Shipton
Tue Jan 18 18:46:49 2022,Caa32_11Template.html,Peter Shipton
Tue Jan 18 18:46:49 2022,Caa64Template.html,Peter Shipton
Tue Jan 18 18:46:49 2022,Caa64_11Template.html,Peter Shipton
Tue Jan 18 18:46:49 2022,CaaTemplate.html,Peter Shipton
Tue Jan 18 18:46:49 2022,CeedsaTemplate.html,Peter Shipton
Tue Jan 18 18:46:49 2022,Ceedsahp32Template.html,Peter Shipton
Tue Jan 18 18:46:49 2022,Ceedsahp64Template.html,Peter Shipton
Tue Jan 18 18:46:49 2022,CeedsahpTemplate.html,Peter Shipton
Tue Jan 18 18:46:49 2022,Ceedsahp_transition32Template.html,Peter Shipton
Tue Jan 18 18:46:49 2022,Ceedsahp_transition64Template.html,Peter Shipton
Tue Jan 18 18:46:49 2022,Ceedsahp_transitionTemplate.html,Peter Shipton
Tue Jan 18 18:46:49 2022,CeelcaTemplate.html,Peter Shipton
Tue Jan 18 18:46:49 2022,CeexcibTemplate.html,Peter Shipton
Tue Jan 18 18:46:49 2022,CeexcibhTemplate.html,Peter Shipton
Tue Jan 18 18:46:49 2022,Ceexdlcb32Template.html,Peter Shipton
Tue Jan 18 18:46:49 2022,Ceexdlcb64Template.html,Peter Shipton
Tue Jan 18 18:46:49 2022,CeexdlcbTemplate.html,Peter Shipton
Tue Jan 18 18:46:49 2022,Ceexdsaf.html,Peter Shipton
Tue Jan 18 18:46:49 2022,Ceexedb32Template.html,Peter Shipton
Tue Jan 18 18:46:49 2022,Ceexedb64Template.html,Peter Shipton
Tue Jan 18 18:46:49 2022,CeexedbTemplate.html,Peter Shipton
Tue Jan 18 18:46:49 2022,Ceexhcom32Template.html,Peter Shipton
Tue Jan 18 18:46:49 2022,Ceexhcom64Template.html,Peter Shipton
Tue Jan 18 18:46:49 2022,CeexhcomTemplate.html,Peter Shipton
Tue Jan 18 18:46:49 2022,CeexhepvTemplate.html,Peter Shipton
Tue Jan 18 18:46:49 2022,Ceexhp1bTemplate.html,Peter Shipton
Tue Jan 18 18:46:49 2022,CeexlaaTemplate.html,Peter Shipton
Tue Jan 18 18:46:49 2022,CeexoepvTemplate.html,Peter Shipton
Tue Jan 18 18:46:49 2022,Ceexpp1bTemplate.html,Peter Shipton
Tue Jan 18 18:46:49 2022,Ceexqpcb32Template.html,Peter Shipton
Tue Jan 18 18:46:49 2022,Ceexqpcb64Template.html,Peter Shipton
Tue Jan 18 18:46:49 2022,CeexqpcbTemplate.html,Peter Shipton
Tue Jan 18 18:46:49 2022,Ceexqpcbpool32Template.html,Peter Shipton
Tue Jan 18 18:46:49 2022,Ceexqpcbpool64Template.html,Peter Shipton
Tue Jan 18 18:46:49 2022,CeexqpcbpoolTemplate.html,Peter Shipton
Tue Jan 18 18:46:49 2022,Ceexrcb32Template.html,Peter Shipton
Tue Jan 18 18:46:49 2022,Ceexrcb64Template.html,Peter Shipton
Tue Jan 18 18:46:49 2022,CeexrcbTemplate.html,Peter Shipton
Tue Jan 18 18:46:49 2022,CeexsancTemplate.html,Peter Shipton
Tue Jan 18 18:46:49 2022,CeexsfxmTemplate.html,Peter Shipton
Tue Jan 18 18:46:49 2022,CeexstkhTemplate.html,Peter Shipton
Tue Jan 18 18:46:49 2022,CeextvbTemplate.html,Peter Shipton
Tue Jan 18 18:46:49 2022,CeextvbeTemplate.html,Peter Shipton
Tue Jan 18 18:46:49 2022,Ciet2ExpFuncEntryTemplate.html,Peter Shipton
Tue Jan 18 18:46:49 2022,Ciet2ExpVarEntryTemplate.html,Peter Shipton
Tue Jan 18 18:46:49 2022,Ciet2Template.html,Peter Shipton
Tue Jan 18 18:46:49 2022,CietExpEntryTemplate.html,Peter Shipton
Tue Jan 18 18:46:49 2022,CietTemplate.html,Peter Shipton
Tue Jan 18 18:46:49 2022,Dll.html,Peter Shipton
Tue Jan 18 18:46:49 2022,DllFunction.html,Peter Shipton
Tue Jan 18 18:46:49 2022,DllVariable.html,Peter Shipton
Tue Jan 18 18:46:49 2022,DllcsectTemplate.html,Peter Shipton
Tue Jan 18 18:46:49 2022,DllexpfuncsTemplate.html,Peter Shipton
Tue Jan 18 18:46:49 2022,DllexpvarsTemplate.html,Peter Shipton
Tue Jan 18 18:46:49 2022,DsaStackFrame.html,Peter Shipton
Tue Jan 18 18:46:49 2022,Edb.html,Peter Shipton
Tue Jan 18 18:46:49 2022,EnsmTemplate.html,Peter Shipton
Tue Jan 18 18:46:49 2022,Function.html,Peter Shipton
Tue Jan 18 18:46:49 2022,FunctionEmulator.CallOriginalException.html,Peter Shipton
Tue Jan 18 18:46:49 2022,FunctionEmulator.CallbackFunction.html,Peter Shipton
Tue Jan 18 18:46:49 2022,FunctionEmulator.Function.html,Peter Shipton
Tue Jan 18 18:46:49 2022,FunctionEmulator.TraceEntry.html,Peter Shipton
Tue Jan 18 18:46:49 2022,FunctionEmulator.html,Peter Shipton
Tue Jan 18 18:46:49 2022,SmcbTemplate.html,Peter Shipton
Tue Jan 18 18:46:49 2022,Caa.html,Peter Shipton
Tue Jan 18 18:46:49 2022,Caa32Template.html,Peter Shipton
Tue Jan 18 18:46:49 2022,Caa32_11Template.html,Peter Shipton
Tue Jan 18 18:46:49 2022,Caa64Template.html,Peter Shipton
Tue Jan 18 18:46:49 2022,Caa64_11Template.html,Peter Shipton
Tue Jan 18 18:46:49 2022,CaaNotFound.html,Peter Shipton
Tue Jan 18 18:46:49 2022,CaaTemplate.html,Peter Shipton
Tue Jan 18 18:46:49 2022,CeedsaTemplate.html,Peter Shipton
Tue Jan 18 18:46:49 2022,Ceedsahp32Template.html,Peter Shipton
Tue Jan 18 18:46:49 2022,Ceedsahp64Template.html,Peter Shipton
Tue Jan 18 18:46:49 2022,CeedsahpTemplate.html,Peter Shipton
Tue Jan 18 18:46:49 2022,Ceedsahp_transition32Template.html,Peter Shipton
Tue Jan 18 18:46:49 2022,Ceedsahp_transition64Template.html,Peter Shipton
Tue Jan 18 18:46:49 2022,Ceedsahp_transitionTemplate.html,Peter Shipton
Tue Jan 18 18:46:49 2022,CeelcaTemplate.html,Peter Shipton
Tue Jan 18 18:46:49 2022,CeexcibTemplate.html,Peter Shipton
Tue Jan 18 18:46:49 2022,CeexcibhTemplate.html,Peter Shipton
Tue Jan 18 18:46:49 2022,Ceexdlcb32Template.html,Peter Shipton
Tue Jan 18 18:46:49 2022,Ceexdlcb64Template.html,Peter Shipton
Tue Jan 18 18:46:49 2022,CeexdlcbTemplate.html,Peter Shipton
Tue Jan 18 18:46:49 2022,Ceexdsaf.html,Peter Shipton
Tue Jan 18 18:46:49 2022,Ceexedb32Template.html,Peter Shipton
Tue Jan 18 18:46:49 2022,Ceexedb64Template.html,Peter Shipton
Tue Jan 18 18:46:49 2022,CeexedbTemplate.html,Peter Shipton
Tue Jan 18 18:46:49 2022,Ceexhcom32Template.html,Peter Shipton
Tue Jan 18 18:46:49 2022,Ceexhcom64Template.html,Peter Shipton
Tue Jan 18 18:46:49 2022,CeexhcomTemplate.html,Peter Shipton
Tue Jan 18 18:46:49 2022,CeexhepvTemplate.html,Peter Shipton
Tue Jan 18 18:46:49 2022,Ceexhp1bTemplate.html,Peter Shipton
Tue Jan 18 18:46:49 2022,CeexlaaTemplate.html,Peter Shipton
Tue Jan 18 18:46:49 2022,CeexoepvTemplate.html,Peter Shipton
Tue Jan 18 18:46:49 2022,Ceexpp1bTemplate.html,Peter Shipton
Tue Jan 18 18:46:49 2022,Ceexqpcb32Template.html,Peter Shipton
Tue Jan 18 18:46:49 2022,Ceexqpcb64Template.html,Peter Shipton
Tue Jan 18 18:46:49 2022,CeexqpcbTemplate.html,Peter Shipton
Tue Jan 18 18:46:49 2022,Ceexqpcbpool32Template.html,Peter Shipton
Tue Jan 18 18:46:49 2022,Ceexqpcbpool64Template.html,Peter Shipton
Tue Jan 18 18:46:49 2022,CeexqpcbpoolTemplate.html,Peter Shipton
Tue Jan 18 18:46:49 2022,Ceexrcb32Template.html,Peter Shipton
Tue Jan 18 18:46:49 2022,Ceexrcb64Template.html,Peter Shipton
Tue Jan 18 18:46:49 2022,CeexrcbTemplate.html,Peter Shipton
Tue Jan 18 18:46:49 2022,CeexsancTemplate.html,Peter Shipton
Tue Jan 18 18:46:49 2022,CeexsfxmTemplate.html,Peter Shipton
Tue Jan 18 18:46:49 2022,CeexstkhTemplate.html,Peter Shipton
Tue Jan 18 18:46:49 2022,CeextvbTemplate.html,Peter Shipton
Tue Jan 18 18:46:49 2022,CeextvbeTemplate.html,Peter Shipton
Tue Jan 18 18:46:49 2022,Ciet2ExpFuncEntryTemplate.html,Peter Shipton
Tue Jan 18 18:46:49 2022,Ciet2ExpVarEntryTemplate.html,Peter Shipton
Tue Jan 18 18:46:49 2022,Ciet2Template.html,Peter Shipton
Tue Jan 18 18:46:49 2022,CietExpEntryTemplate.html,Peter Shipton
Tue Jan 18 18:46:49 2022,CietTemplate.html,Peter Shipton
Tue Jan 18 18:46:49 2022,Dll.html,Peter Shipton
Tue Jan 18 18:46:49 2022,DllFunction.html,Peter Shipton
Tue Jan 18 18:46:49 2022,DllVariable.html,Peter Shipton
Tue Jan 18 18:46:49 2022,DllcsectTemplate.html,Peter Shipton
Tue Jan 18 18:46:49 2022,DllexpfuncsTemplate.html,Peter Shipton
Tue Jan 18 18:46:49 2022,DllexpvarsTemplate.html,Peter Shipton
Tue Jan 18 18:46:49 2022,DsaStackFrame.html,Peter Shipton
Tue Jan 18 18:46:49 2022,Edb.html,Peter Shipton
Tue Jan 18 18:46:49 2022,EnsmTemplate.html,Peter Shipton
Tue Jan 18 18:46:49 2022,Function.html,Peter Shipton
Tue Jan 18 18:46:49 2022,FunctionEmulator.CallOriginalException.html,Peter Shipton
Tue Jan 18 18:46:49 2022,FunctionEmulator.CallbackFunction.html,Peter Shipton
Tue Jan 18 18:46:49 2022,FunctionEmulator.Function.html,Peter Shipton
Tue Jan 18 18:46:49 2022,FunctionEmulator.TraceEntry.html,Peter Shipton
Tue Jan 18 18:46:49 2022,FunctionEmulator.html,Peter Shipton
Tue Jan 18 18:46:49 2022,SmcbTemplate.html,Peter Shipton
Tue Jan 18 18:46:49 2022,StackNotFound.html,Peter Shipton
Tue Jan 18 18:46:49 2022,package-summary.html,Peter Shipton
Tue Jan 18 18:46:49 2022,package-tree.html,Peter Shipton
Tue Jan 18 18:46:49 2022,package-use.html,Peter Shipton
Tue Jan 18 18:46:49 2022,BpxzotcbTemplate.html,Peter Shipton
Tue Jan 18 18:46:49 2022,BpxzustaTemplate.html,Peter Shipton
Tue Jan 18 18:46:49 2022,CeexcvtTemplate.html,Peter Shipton
Tue Jan 18 18:46:49 2022,IhaascbTemplate.html,Peter Shipton
Tue Jan 18 18:46:49 2022,IhaasxbTemplate.html,Peter Shipton
Tue Jan 18 18:46:49 2022,IhapsaTemplate.html,Peter Shipton
Tue Jan 18 18:46:49 2022,IharbTemplate.html,Peter Shipton
Tue Jan 18 18:46:49 2022,Ihartm2aTemplate.html,Peter Shipton
Tue Jan 18 18:46:49 2022,IhastcbTemplate.html,Peter Shipton
Tue Jan 18 18:46:49 2022,IhawebTemplate.html,Peter Shipton
Tue Jan 18 18:46:49 2022,IhaxsbTemplate.html,Peter Shipton
Tue Jan 18 18:46:49 2022,IkjrbTemplate.html,Peter Shipton
Tue Jan 18 18:46:49 2022,IkjrbprefixTemplate.html,Peter Shipton
Tue Jan 18 18:46:49 2022,IkjtcbTemplate.html,Peter Shipton
Tue Jan 18 18:46:49 2022,Lse.html,Peter Shipton
Tue Jan 18 18:46:49 2022,LsedTemplate.html,Peter Shipton
Tue Jan 18 18:46:49 2022,Lses1lsed1Template.html,Peter Shipton
Tue Jan 18 18:46:49 2022,LseslsedTemplate.html,Peter Shipton
Tue Jan 18 18:46:49 2022,Lsestate1Template.html,Peter Shipton
Tue Jan 18 18:46:49 2022,LsestateTemplate.html,Peter Shipton
Tue Jan 18 18:46:49 2022,OtcbcopyonforkTemplate.html,Peter Shipton
Tue Jan 18 18:46:49 2022,RegisterSet.html,Peter Shipton
Tue Jan 18 18:46:49 2022,Tcb.html,Peter Shipton
Tue Jan 18 18:46:49 2022,BpxzotcbTemplate.html,Peter Shipton
Tue Jan 18 18:46:49 2022,BpxzustaTemplate.html,Peter Shipton
Tue Jan 18 18:46:49 2022,CeexcvtTemplate.html,Peter Shipton
Tue Jan 18 18:46:49 2022,IhaascbTemplate.html,Peter Shipton
Tue Jan 18 18:46:49 2022,IhaasxbTemplate.html,Peter Shipton
Tue Jan 18 18:46:49 2022,IhapsaTemplate.html,Peter Shipton
Tue Jan 18 18:46:49 2022,IharbTemplate.html,Peter Shipton
Tue Jan 18 18:46:49 2022,Ihartm2aTemplate.html,Peter Shipton
Tue Jan 18 18:46:49 2022,IhastcbTemplate.html,Peter Shipton
Tue Jan 18 18:46:49 2022,IhawebTemplate.html,Peter Shipton
Tue Jan 18 18:46:49 2022,IhaxsbTemplate.html,Peter Shipton
Tue Jan 18 18:46:49 2022,IkjrbTemplate.html,Peter Shipton
Tue Jan 18 18:46:49 2022,IkjrbprefixTemplate.html,Peter Shipton
Tue Jan 18 18:46:49 2022,IkjtcbTemplate.html,Peter Shipton
Tue Jan 18 18:46:49 2022,Lse.html,Peter Shipton
Tue Jan 18 18:46:49 2022,LsedTemplate.html,Peter Shipton
Tue Jan 18 18:46:49 2022,Lses1lsed1Template.html,Peter Shipton
Tue Jan 18 18:46:49 2022,LseslsedTemplate.html,Peter Shipton
Tue Jan 18 18:46:49 2022,Lsestate1Template.html,Peter Shipton
Tue Jan 18 18:46:49 2022,LsestateTemplate.html,Peter Shipton
Tue Jan 18 18:46:49 2022,OtcbcopyonforkTemplate.html,Peter Shipton
Tue Jan 18 18:46:49 2022,Rb.html,Peter Shipton
Tue Jan 18 18:46:49 2022,RegisterSet.html,Peter Shipton
Tue Jan 18 18:46:49 2022,Tcb.html,Peter Shipton
Tue Jan 18 18:46:49 2022,package-summary.html,Peter Shipton
Tue Jan 18 18:46:49 2022,package-tree.html,Peter Shipton
Tue Jan 18 18:46:49 2022,package-use.html,Peter Shipton
Tue Jan 18 18:46:49 2022,AbstractHashMap.html,Peter Shipton
Tue Jan 18 18:46:49 2022,AbstractLruCache.html,Peter Shipton
Tue Jan 18 18:46:49 2022,BitSetArray.html,Peter Shipton
Tue Jan 18 18:46:49 2022,BitStream.html,Peter Shipton
Tue Jan 18 18:46:49 2022,CharConversion.html,Peter Shipton
Tue Jan 18 18:46:49 2022,CompressedRecordArray.html,Peter Shipton
Tue Jan 18 18:46:49 2022,Emulator.BranchRelative.html,Peter Shipton
Tue Jan 18 18:46:49 2022,Emulator.BranchTraceListener.html,Peter Shipton
Tue Jan 18 18:46:49 2022,Emulator.CallbackFunction.html,Peter Shipton
Tue Jan 18 18:46:49 2022,Emulator.FunctionReplacer.html,Peter Shipton
Tue Jan 18 18:46:49 2022,Emulator.ImageSpace.html,Peter Shipton
Tue Jan 18 18:46:49 2022,Emulator.Instruction.html,Peter Shipton
Tue Jan 18 18:46:49 2022,Emulator.TraceListener.html,Peter Shipton
Tue Jan 18 18:46:49 2022,Emulator.html,Peter Shipton
Tue Jan 18 18:46:49 2022,FileFormatException.html,Peter Shipton
Tue Jan 18 18:46:49 2022,IntEnumeration.html,Peter Shipton
Tue Jan 18 18:46:49 2022,IntegerArray.html,Peter Shipton
Tue Jan 18 18:46:49 2022,IntegerLruCache.html,Peter Shipton
Tue Jan 18 18:46:49 2022,IntegerMap.html,Peter Shipton
Tue Jan 18 18:46:49 2022,IntegerSet.html,Peter Shipton
Tue Jan 18 18:46:49 2022,IntegerStack.html,Peter Shipton
Tue Jan 18 18:46:49 2022,LongArray.html,Peter Shipton
Tue Jan 18 18:46:49 2022,NullIterator.html,Peter Shipton
Tue Jan 18 18:46:49 2022,ObjectLruCache.html,Peter Shipton
Tue Jan 18 18:46:49 2022,ObjectMap.html,Peter Shipton
Tue Jan 18 18:46:49 2022,PrimitiveArray.html,Peter Shipton
Tue Jan 18 18:46:49 2022,ProgressMeter.html,Peter Shipton
Tue Jan 18 18:46:49 2022,SingletonIterator.html,Peter Shipton
Tue Jan 18 18:46:49 2022,SortListener.html,Peter Shipton
Tue Jan 18 18:46:49 2022,Template.html,Peter Shipton
Tue Jan 18 18:46:49 2022,TemplateField.html,Peter Shipton
Tue Jan 18 18:46:49 2022,AbstractHashMap.html,Peter Shipton
Tue Jan 18 18:46:49 2022,AbstractLruCache.html,Peter Shipton
Tue Jan 18 18:46:49 2022,BitSetArray.html,Peter Shipton
Tue Jan 18 18:46:49 2022,BitStream.html,Peter Shipton
Tue Jan 18 18:46:49 2022,CharConversion.html,Peter Shipton
Tue Jan 18 18:46:49 2022,CompressedRecordArray.html,Peter Shipton
Tue Jan 18 18:46:49 2022,Emulator.BranchRelative.html,Peter Shipton
Tue Jan 18 18:46:49 2022,Emulator.BranchTraceListener.html,Peter Shipton
Tue Jan 18 18:46:49 2022,Emulator.CallbackFunction.html,Peter Shipton
Tue Jan 18 18:46:49 2022,Emulator.FunctionReplacer.html,Peter Shipton
Tue Jan 18 18:46:49 2022,Emulator.ImageSpace.html,Peter Shipton
Tue Jan 18 18:46:49 2022,Emulator.Instruction.html,Peter Shipton
Tue Jan 18 18:46:49 2022,Emulator.TraceListener.html,Peter Shipton
Tue Jan 18 18:46:49 2022,Emulator.html,Peter Shipton
Tue Jan 18 18:46:49 2022,FileFormatException.html,Peter Shipton
Tue Jan 18 18:46:49 2022,IntEnumeration.html,Peter Shipton
Tue Jan 18 18:46:49 2022,IntegerArray.html,Peter Shipton
Tue Jan 18 18:46:49 2022,IntegerLruCache.html,Peter Shipton
Tue Jan 18 18:46:49 2022,IntegerMap.html,Peter Shipton
Tue Jan 18 18:46:49 2022,IntegerSet.html,Peter Shipton
Tue Jan 18 18:46:49 2022,IntegerStack.html,Peter Shipton
Tue Jan 18 18:46:49 2022,InvalidTemplateFile.html,Peter Shipton
Tue Jan 18 18:46:49 2022,LogFormatter.html,Peter Shipton
Tue Jan 18 18:46:49 2022,LongArray.html,Peter Shipton
Tue Jan 18 18:46:49 2022,NullIterator.html,Peter Shipton
Tue Jan 18 18:46:49 2022,ObjectLruCache.html,Peter Shipton
Tue Jan 18 18:46:49 2022,ObjectMap.html,Peter Shipton
Tue Jan 18 18:46:49 2022,PrimitiveArray.html,Peter Shipton
Tue Jan 18 18:46:49 2022,ProgressMeter.html,Peter Shipton
Tue Jan 18 18:46:49 2022,SingletonIterator.html,Peter Shipton
Tue Jan 18 18:46:49 2022,SortListener.html,Peter Shipton
Tue Jan 18 18:46:49 2022,Template.html,Peter Shipton
Tue Jan 18 18:46:49 2022,TemplateField.html,Peter Shipton
Tue Jan 18 18:46:49 2022,package-summary.html,Peter Shipton
Tue Jan 18 18:46:49 2022,package-tree.html,Peter Shipton
Tue Jan 18 18:46:49 2022,package-use.html,Peter Shipton
Tue Jan 18 18:46:49 2022,IEventListener.html,Peter Shipton
Tue Jan 18 18:46:49 2022,IEventListener.html,Peter Shipton
Tue Jan 18 18:46:49 2022,package-summary.html,Peter Shipton
Tue Jan 18 18:46:49 2022,package-tree.html,Peter Shipton
Tue Jan 18 18:46:49 2022,package-use.html,Peter Shipton
Tue Jan 18 18:46:49 2022,CorruptStructuresException.html,Peter Shipton
Tue Jan 18 18:46:49 2022,JVMNotDDREnabledException.html,Peter Shipton
Tue Jan 18 18:46:49 2022,JVMNotFoundException.html,Peter Shipton
Tue Jan 18 18:46:49 2022,MissingDDRStructuresException.html,Peter Shipton
Tue Jan 18 18:46:49 2022,UnknownArchitectureException.html,Peter Shipton
Tue Jan 18 18:46:49 2022,CorruptStructuresException.html,Peter Shipton
Tue Jan 18 18:46:49 2022,JVMNotDDREnabledException.html,Peter Shipton
Tue Jan 18 18:46:49 2022,JVMNotFoundException.html,Peter Shipton
Tue Jan 18 18:46:49 2022,MissingDDRStructuresException.html,Peter Shipton
Tue Jan 18 18:46:49 2022,UnknownArchitectureException.html,Peter Shipton
Tue Jan 18 18:46:49 2022,package-summary.html,Peter Shipton
Tue Jan 18 18:46:49 2022,package-tree.html,Peter Shipton
Tue Jan 18 18:46:49 2022,package-use.html,Peter Shipton
Tue Jan 18 18:46:49 2022,CoreFileResolver.html,Peter Shipton
Tue Jan 18 18:46:49 2022,DDRLibraryAdapter.html,Peter Shipton
Tue Jan 18 18:46:49 2022,DTFJLibraryAdapter.html,Peter Shipton
Tue Jan 18 18:46:49 2022,Footer.html,Peter Shipton
Tue Jan 18 18:46:49 2022,FooterLibraryEntry.html,Peter Shipton
Tue Jan 18 18:46:49 2022,LibraryAdapter.html,Peter Shipton
Tue Jan 18 18:46:49 2022,LibraryCollector.CollectionType.html,Peter Shipton
Tue Jan 18 18:46:49 2022,LibraryCollector.CollectorResult.html,Peter Shipton
Tue Jan 18 18:46:49 2022,LibraryCollector.html,Peter Shipton
Tue Jan 18 18:46:49 2022,MonitoredFileOutputStream.html,Peter Shipton
Tue Jan 18 18:46:49 2022,SlidingFileInputStream.html,Peter Shipton
Tue Jan 18 18:46:49 2022,SlidingImageInputStream.html,Peter Shipton
Tue Jan 18 18:46:49 2022,CoreFileResolver.html,Peter Shipton
Tue Jan 18 18:46:49 2022,DDRLibraryAdapter.html,Peter Shipton
Tue Jan 18 18:46:49 2022,DTFJLibraryAdapter.html,Peter Shipton
Tue Jan 18 18:46:49 2022,Footer.html,Peter Shipton
Tue Jan 18 18:46:49 2022,FooterLibraryEntry.html,Peter Shipton
Tue Jan 18 18:46:49 2022,LibraryAdapter.html,Peter Shipton
Tue Jan 18 18:46:49 2022,LibraryCollector.CollectionType.html,Peter Shipton
Tue Jan 18 18:46:49 2022,LibraryCollector.CollectorResult.html,Peter Shipton
Tue Jan 18 18:46:49 2022,LibraryCollector.html,Peter Shipton
Tue Jan 18 18:46:49 2022,MonitoredFileOutputStream.html,Peter Shipton
Tue Jan 18 18:46:49 2022,SlidingFileInputStream.html,Peter Shipton
Tue Jan 18 18:46:49 2022,SlidingImageInputStream.html,Peter Shipton
Tue Jan 18 18:46:49 2022,package-summary.html,Peter Shipton
Tue Jan 18 18:46:49 2022,package-tree.html,Peter Shipton
Tue Jan 18 18:46:49 2022,package-use.html,Peter Shipton
Tue Jan 18 18:46:49 2022,BasicFormatter.html,Peter Shipton
Tue Jan 18 18:46:49 2022,LoggerNames.html,Peter Shipton
Tue Jan 18 18:46:49 2022,BasicFormatter.html,Peter Shipton
Tue Jan 18 18:46:49 2022,LoggerNames.html,Peter Shipton
Tue Jan 18 18:46:49 2022,package-summary.html,Peter Shipton
Tue Jan 18 18:46:49 2022,package-tree.html,Peter Shipton
Tue Jan 18 18:46:49 2022,package-use.html,Peter Shipton
Tue Jan 18 18:46:49 2022,package-summary.html,Peter Shipton
Tue Jan 18 18:46:49 2022,package-tree.html,Peter Shipton
Tue Jan 18 18:46:49 2022,package-use.html,Peter Shipton
Tue Jan 18 18:46:49 2022,AddStructureBlob.html,Peter Shipton
Tue Jan 18 18:46:49 2022,ClassGenerator.html,Peter Shipton
Tue Jan 18 18:46:49 2022,DTFJWalker.html,Peter Shipton
Tue Jan 18 18:46:49 2022,FlagStructureList.html,Peter Shipton
Tue Jan 18 18:46:49 2022,PointerGenerator.html,Peter Shipton
Tue Jan 18 18:46:49 2022,StructureStubGenerator.html,Peter Shipton
Tue Jan 18 18:46:49 2022,AddStructureBlob.html,Peter Shipton
Tue Jan 18 18:46:49 2022,ClassGenerator.html,Peter Shipton
Tue Jan 18 18:46:49 2022,DTFJWalker.html,Peter Shipton
Tue Jan 18 18:46:49 2022,FlagStructureList.html,Peter Shipton
Tue Jan 18 18:46:49 2022,PointerGenerator.html,Peter Shipton
Tue Jan 18 18:46:49 2022,StructureStubGenerator.html,Peter Shipton
Tue Jan 18 18:46:49 2022,ASNoProcess.html,Peter Shipton
Tue Jan 18 18:46:49 2022,BaseFieldFormatter.html,Peter Shipton
Tue Jan 18 18:46:49 2022,BaseJVMCommands.html,Peter Shipton
Tue Jan 18 18:46:49 2022,BaseStructureCommand.DefaultStructureFormatter.html,Peter Shipton
Tue Jan 18 18:46:49 2022,BaseStructureCommand.html,Peter Shipton
Tue Jan 18 18:46:49 2022,BaseStructureFormatter.html,Peter Shipton
Tue Jan 18 18:46:49 2022,Command.CommandDescription.html,Peter Shipton
Tue Jan 18 18:46:49 2022,Command.html,Peter Shipton
Tue Jan 18 18:46:49 2022,CommandUtils.html,Peter Shipton
Tue Jan 18 18:46:49 2022,Context.html,Peter Shipton
Tue Jan 18 18:46:49 2022,DDRInteractive.ContextCommand.html,Peter Shipton
Tue Jan 18 18:46:49 2022,DDRInteractive.J9HelpCommand.html,Peter Shipton
Tue Jan 18 18:46:49 2022,DDRInteractive.html,Peter Shipton
Tue Jan 18 18:46:49 2022,DDRInteractiveCommandException.html,Peter Shipton
Tue Jan 18 18:46:49 2022,ExpressionEvaluator.html,Peter Shipton
Tue Jan 18 18:46:49 2022,ExpressionEvaluatorException.html,Peter Shipton
Tue Jan 18 18:46:49 2022,ExtractMemoryCommand.html,Peter Shipton
Tue Jan 18 18:46:49 2022,FindInMemoryCommand.html,Peter Shipton
Tue Jan 18 18:46:49 2022,FormatWalkResult.html,Peter Shipton
Tue Jan 18 18:46:49 2022,Humanize.html,Peter Shipton
Tue Jan 18 18:46:49 2022,ICommand.html,Peter Shipton
Tue Jan 18 18:46:49 2022,IFieldFormatter.html,Peter Shipton
Tue Jan 18 18:46:49 2022,IStructureFormatter.html,Peter Shipton
Tue Jan 18 18:46:49 2022,J9XCommand.html,Peter Shipton
Tue Jan 18 18:46:49 2022,MemoryRangesCommand.html,Peter Shipton
Tue Jan 18 18:46:49 2022,MissingVMData.html,Peter Shipton
Tue Jan 18 18:46:49 2022,StructureCommandUtil.html,Peter Shipton
Tue Jan 18 18:46:49 2022,Table.html,Peter Shipton
Tue Jan 18 18:46:49 2022,DataContext.html,Peter Shipton
Tue Jan 18 18:46:49 2022,DebugExtension.html,Peter Shipton
Tue Jan 18 18:46:49 2022,DataContext.html,Peter Shipton
Tue Jan 18 18:46:49 2022,DebugExtension.html,Peter Shipton
Tue Jan 18 18:46:49 2022,package-summary.html,Peter Shipton
Tue Jan 18 18:46:49 2022,package-tree.html,Peter Shipton
Tue Jan 18 18:46:49 2022,package-use.html,Peter Shipton
Tue Jan 18 18:46:49 2022,ASNoProcess.html,Peter Shipton
Tue Jan 18 18:46:49 2022,BaseFieldFormatter.html,Peter Shipton
Tue Jan 18 18:46:49 2022,BaseJVMCommands.html,Peter Shipton
Tue Jan 18 18:46:49 2022,BaseStructureCommand.DefaultStructureFormatter.html,Peter Shipton
Tue Jan 18 18:46:49 2022,BaseStructureCommand.html,Peter Shipton
Tue Jan 18 18:46:49 2022,BaseStructureFormatter.html,Peter Shipton
Tue Jan 18 18:46:49 2022,Command.CommandDescription.html,Peter Shipton
Tue Jan 18 18:46:49 2022,Command.html,Peter Shipton
Tue Jan 18 18:46:49 2022,CommandUtils.html,Peter Shipton
Tue Jan 18 18:46:49 2022,Context.html,Peter Shipton
Tue Jan 18 18:46:49 2022,DDRInteractive.ContextCommand.html,Peter Shipton
Tue Jan 18 18:46:49 2022,DDRInteractive.J9HelpCommand.html,Peter Shipton
Tue Jan 18 18:46:49 2022,DDRInteractive.html,Peter Shipton
Tue Jan 18 18:46:49 2022,DDRInteractiveCommandException.html,Peter Shipton
Tue Jan 18 18:46:49 2022,ExpressionEvaluator.html,Peter Shipton
Tue Jan 18 18:46:49 2022,ExpressionEvaluatorException.html,Peter Shipton
Tue Jan 18 18:46:49 2022,ExtractMemoryCommand.html,Peter Shipton
Tue Jan 18 18:46:49 2022,FindInMemoryCommand.html,Peter Shipton
Tue Jan 18 18:46:49 2022,FormatWalkResult.html,Peter Shipton
Tue Jan 18 18:46:49 2022,Humanize.html,Peter Shipton
Tue Jan 18 18:46:49 2022,ICommand.html,Peter Shipton
Tue Jan 18 18:46:49 2022,IFieldFormatter.html,Peter Shipton
Tue Jan 18 18:46:49 2022,IStructureFormatter.html,Peter Shipton
Tue Jan 18 18:46:49 2022,J9XCommand.html,Peter Shipton
Tue Jan 18 18:46:49 2022,MemoryRangesCommand.html,Peter Shipton
Tue Jan 18 18:46:49 2022,MissingVMData.html,Peter Shipton
Tue Jan 18 18:46:49 2022,StructureCommandUtil.html,Peter Shipton
Tue Jan 18 18:46:49 2022,Table.html,Peter Shipton
Tue Jan 18 18:46:49 2022,ForeachCommand.html,Peter Shipton
Tue Jan 18 18:46:49 2022,GpInfoCommand.html,Peter Shipton
Tue Jan 18 18:46:49 2022,LookupSymbolCommand.html,Peter Shipton
Tue Jan 18 18:46:49 2022,NativeLibrariesCommand.html,Peter Shipton
Tue Jan 18 18:46:49 2022,NativeStacksCommand.html,Peter Shipton
Tue Jan 18 18:46:49 2022,SnapBaseCommand.html,Peter Shipton
Tue Jan 18 18:46:49 2022,SnapFormatCommand.html,Peter Shipton
Tue Jan 18 18:46:49 2022,SnapFormatWrapperCommand.html,Peter Shipton
Tue Jan 18 18:46:49 2022,SnapTraceCommand.html,Peter Shipton
Tue Jan 18 18:46:49 2022,TimeCommand.html,Peter Shipton
Tue Jan 18 18:46:49 2022,TraceFileHeaderWriter.html,Peter Shipton
Tue Jan 18 18:46:49 2022,ForeachCommand.html,Peter Shipton
Tue Jan 18 18:46:49 2022,GpInfoCommand.html,Peter Shipton
Tue Jan 18 18:46:49 2022,LookupSymbolCommand.html,Peter Shipton
Tue Jan 18 18:46:49 2022,NativeLibrariesCommand.html,Peter Shipton
Tue Jan 18 18:46:49 2022,NativeStacksCommand.html,Peter Shipton
Tue Jan 18 18:46:49 2022,SnapBaseCommand.html,Peter Shipton
Tue Jan 18 18:46:49 2022,SnapFormatCommand.html,Peter Shipton
Tue Jan 18 18:46:49 2022,SnapFormatWrapperCommand.html,Peter Shipton
Tue Jan 18 18:46:49 2022,SnapTraceCommand.html,Peter Shipton
Tue Jan 18 18:46:49 2022,TimeCommand.html,Peter Shipton
Tue Jan 18 18:46:49 2022,TraceFileHeaderWriter.html,Peter Shipton
Tue Jan 18 18:46:49 2022,package-summary.html,Peter Shipton
Tue Jan 18 18:46:49 2022,package-tree.html,Peter Shipton
Tue Jan 18 18:46:49 2022,package-use.html,Peter Shipton
Tue Jan 18 18:46:49 2022,package-summary.html,Peter Shipton
Tue Jan 18 18:46:49 2022,package-tree.html,Peter Shipton
Tue Jan 18 18:46:49 2022,package-use.html,Peter Shipton
Tue Jan 18 18:46:49 2022,DDRInteractiveClassLoader.html,Peter Shipton
Tue Jan 18 18:46:49 2022,PluginCommand.html,Peter Shipton
Tue Jan 18 18:46:49 2022,PluginConfig.html,Peter Shipton
Tue Jan 18 18:46:49 2022,DDRInteractiveClassLoader.html,Peter Shipton
Tue Jan 18 18:46:49 2022,PluginCommand.html,Peter Shipton
Tue Jan 18 18:46:49 2022,PluginConfig.html,Peter Shipton
Tue Jan 18 18:46:49 2022,package-summary.html,Peter Shipton
Tue Jan 18 18:46:49 2022,package-tree.html,Peter Shipton
Tue Jan 18 18:46:49 2022,package-use.html,Peter Shipton
Tue Jan 18 18:46:49 2022,LogFilter.html,Peter Shipton
Tue Jan 18 18:46:49 2022,LogFilter.html,Peter Shipton
Tue Jan 18 18:46:49 2022,package-summary.html,Peter Shipton
Tue Jan 18 18:46:49 2022,package-tree.html,Peter Shipton
Tue Jan 18 18:46:49 2022,package-use.html,Peter Shipton
Tue Jan 18 18:46:49 2022,package-summary.html,Peter Shipton
Tue Jan 18 18:46:49 2022,package-tree.html,Peter Shipton
Tue Jan 18 18:46:49 2022,package-use.html,Peter Shipton
Tue Jan 18 18:46:49 2022,J9DDRStructureStore.html,Peter Shipton
Tue Jan 18 18:46:49 2022,StructureKey.html,Peter Shipton
Tue Jan 18 18:46:49 2022,StructureMismatchError.html,Peter Shipton
Tue Jan 18 18:46:49 2022,J9DDRStructureStore.html,Peter Shipton
Tue Jan 18 18:46:49 2022,StructureKey.html,Peter Shipton
Tue Jan 18 18:46:49 2022,StructureMismatchError.html,Peter Shipton
Tue Jan 18 18:46:49 2022,package-summary.html,Peter Shipton
Tue Jan 18 18:46:49 2022,package-tree.html,Peter Shipton
Tue Jan 18 18:46:49 2022,package-use.html,Peter Shipton
Tue Jan 18 18:46:49 2022,XMLDOMComparator.html,Peter Shipton
Tue Jan 18 18:46:49 2022,XMLDOMComparator.html,Peter Shipton
Tue Jan 18 18:46:49 2022,package-summary.html,Peter Shipton
Tue Jan 18 18:46:49 2022,package-tree.html,Peter Shipton
Tue Jan 18 18:46:49 2022,package-use.html,Peter Shipton
Tue Jan 18 18:46:49 2022,GeneratedClassDebugging.html,Peter Shipton
Tue Jan 18 18:46:49 2022,IteratorHelpers.IteratorFilter.html,Peter Shipton
Tue Jan 18 18:46:49 2022,IteratorHelpers.html,Peter Shipton
Tue Jan 18 18:46:49 2022,PatternString.PatternStringPair.html,Peter Shipton
Tue Jan 18 18:46:49 2022,PatternString.html,Peter Shipton
Tue Jan 18 18:46:49 2022,RuntimeTypeResolutionUtils.html,Peter Shipton
Tue Jan 18 18:46:49 2022,WeakValueMap.html,Peter Shipton
Tue Jan 18 18:46:49 2022,GeneratedClassDebugging.html,Peter Shipton
Tue Jan 18 18:46:49 2022,IteratorHelpers.IteratorFilter.html,Peter Shipton
Tue Jan 18 18:46:49 2022,IteratorHelpers.html,Peter Shipton
Tue Jan 18 18:46:49 2022,PatternString.PatternStringPair.html,Peter Shipton
Tue Jan 18 18:46:49 2022,PatternString.html,Peter Shipton
Tue Jan 18 18:46:49 2022,RuntimeTypeResolutionUtils.html,Peter Shipton
Tue Jan 18 18:46:49 2022,WeakValueMap.html,Peter Shipton
Tue Jan 18 18:46:49 2022,package-summary.html,Peter Shipton
Tue Jan 18 18:46:49 2022,package-tree.html,Peter Shipton
Tue Jan 18 18:46:49 2022,package-use.html,Peter Shipton
Tue Jan 18 18:46:49 2022,DTFJConstants.html,Peter Shipton
Tue Jan 18 18:46:49 2022,DTFJCorruptDataException.html,Peter Shipton
Tue Jan 18 18:46:49 2022,J9DDRDTFJUtils.html,Peter Shipton
Tue Jan 18 18:46:49 2022,DTFJConstants.html,Peter Shipton
Tue Jan 18 18:46:49 2022,DTFJCorruptDataException.html,Peter Shipton
Tue Jan 18 18:46:49 2022,J9DDRDTFJUtils.html,Peter Shipton
Tue Jan 18 18:46:49 2022,J9DDRBaseImageThread.html,Peter Shipton
Tue Jan 18 18:46:49 2022,J9DDRCorruptData.html,Peter Shipton
Tue Jan 18 18:46:49 2022,J9DDRImage.html,Peter Shipton
Tue Jan 18 18:46:49 2022,J9DDRImageAddressSpace.html,Peter Shipton
Tue Jan 18 18:46:49 2022,J9DDRImageFactory.html,Peter Shipton
Tue Jan 18 18:46:49 2022,J9DDRImageModule.html,Peter Shipton
Tue Jan 18 18:46:49 2022,J9DDRImagePointer.html,Peter Shipton
Tue Jan 18 18:46:49 2022,J9DDRImageProcess.html,Peter Shipton
Tue Jan 18 18:46:49 2022,J9DDRImageRegister.html,Peter Shipton
Tue Jan 18 18:46:49 2022,J9DDRImageSection.html,Peter Shipton
Tue Jan 18 18:46:49 2022,J9DDRImageStackFrame.html,Peter Shipton
Tue Jan 18 18:46:49 2022,J9DDRImageSymbol.html,Peter Shipton
Tue Jan 18 18:46:49 2022,J9DDRImageThread.html,Peter Shipton
Tue Jan 18 18:46:49 2022,J9DDRStubImageThread.html,Peter Shipton
Tue Jan 18 18:46:49 2022,J9RASImageDataFactory.MachineData.html,Peter Shipton
Tue Jan 18 18:46:49 2022,J9RASImageDataFactory.ProcessData.html,Peter Shipton
Tue Jan 18 18:46:49 2022,J9RASImageDataFactory.html,Peter Shipton
Tue Jan 18 18:46:49 2022,J9DDRBaseImageThread.html,Peter Shipton
Tue Jan 18 18:46:49 2022,J9DDRCorruptData.html,Peter Shipton
Tue Jan 18 18:46:49 2022,J9DDRImage.html,Peter Shipton
Tue Jan 18 18:46:49 2022,J9DDRImageAddressSpace.html,Peter Shipton
Tue Jan 18 18:46:49 2022,J9DDRImageFactory.html,Peter Shipton
Tue Jan 18 18:46:49 2022,J9DDRImageModule.html,Peter Shipton
Tue Jan 18 18:46:49 2022,J9DDRImagePointer.html,Peter Shipton
Tue Jan 18 18:46:49 2022,J9DDRImageProcess.html,Peter Shipton
Tue Jan 18 18:46:49 2022,J9DDRImageRegister.html,Peter Shipton
Tue Jan 18 18:46:49 2022,J9DDRImageSection.html,Peter Shipton
Tue Jan 18 18:46:49 2022,J9DDRImageStackFrame.html,Peter Shipton
Tue Jan 18 18:46:49 2022,J9DDRImageSymbol.html,Peter Shipton
Tue Jan 18 18:46:49 2022,J9DDRImageThread.html,Peter Shipton
Tue Jan 18 18:46:49 2022,J9DDRStubImageThread.html,Peter Shipton
Tue Jan 18 18:46:49 2022,J9RASImageDataFactory.MachineData.html,Peter Shipton
Tue Jan 18 18:46:49 2022,J9RASImageDataFactory.ProcessData.html,Peter Shipton
Tue Jan 18 18:46:49 2022,J9RASImageDataFactory.html,Peter Shipton
Tue Jan 18 18:46:49 2022,package-summary.html,Peter Shipton
Tue Jan 18 18:46:49 2022,package-tree.html,Peter Shipton
Tue Jan 18 18:46:49 2022,package-use.html,Peter Shipton
Tue Jan 18 18:46:49 2022,IDTFJJavaField.html,Peter Shipton
Tue Jan 18 18:46:49 2022,IDTFJJavaField.html,Peter Shipton
Tue Jan 18 18:46:49 2022,DTFJJavaClassHelper.html,Peter Shipton
Tue Jan 18 18:46:49 2022,DTFJJavaFieldHelper.html,Peter Shipton
Tue Jan 18 18:46:49 2022,DTFJJavaRuntimeHelper.html,Peter Shipton
Tue Jan 18 18:46:49 2022,DTFJJavaClassHelper.html,Peter Shipton
Tue Jan 18 18:46:49 2022,DTFJJavaFieldHelper.html,Peter Shipton
Tue Jan 18 18:46:49 2022,DTFJJavaRuntimeHelper.html,Peter Shipton
Tue Jan 18 18:46:49 2022,package-summary.html,Peter Shipton
Tue Jan 18 18:46:49 2022,package-tree.html,Peter Shipton
Tue Jan 18 18:46:49 2022,package-use.html,Peter Shipton
Tue Jan 18 18:46:49 2022,package-summary.html,Peter Shipton
Tue Jan 18 18:46:49 2022,package-tree.html,Peter Shipton
Tue Jan 18 18:46:49 2022,package-use.html,Peter Shipton
Tue Jan 18 18:46:49 2022,package-summary.html,Peter Shipton
Tue Jan 18 18:46:49 2022,package-tree.html,Peter Shipton
Tue Jan 18 18:46:49 2022,package-use.html,Peter Shipton
Tue Jan 18 18:46:49 2022,Bootstrap.html,Peter Shipton
Tue Jan 18 18:46:49 2022,NativeRuntime.html,Peter Shipton
Tue Jan 18 18:46:49 2022,Bootstrap.html,Peter Shipton
Tue Jan 18 18:46:49 2022,NativeRuntime.html,Peter Shipton
Tue Jan 18 18:46:49 2022,package-summary.html,Peter Shipton
Tue Jan 18 18:46:49 2022,package-tree.html,Peter Shipton
Tue Jan 18 18:46:49 2022,package-use.html,Peter Shipton
Tue Jan 18 18:46:49 2022,DefaultEventListener.html,Peter Shipton
Tue Jan 18 18:46:49 2022,EventManager.html,Peter Shipton
Tue Jan 18 18:46:49 2022,DefaultEventListener.html,Peter Shipton
Tue Jan 18 18:46:49 2022,EventManager.html,Peter Shipton
Tue Jan 18 18:46:49 2022,package-summary.html,Peter Shipton
Tue Jan 18 18:46:49 2022,package-tree.html,Peter Shipton
Tue Jan 18 18:46:49 2022,package-use.html,Peter Shipton
Tue Jan 18 18:46:49 2022,AVLTree.html,Peter Shipton
Tue Jan 18 18:46:49 2022,AddressAwareRootScanner.html,Peter Shipton
Tue Jan 18 18:46:49 2022,AlgorithmPicker.html,Peter Shipton
Tue Jan 18 18:46:49 2022,AlgorithmVersion.html,Peter Shipton
Tue Jan 18 18:46:49 2022,ArgBits.html,Peter Shipton
Tue Jan 18 18:46:49 2022,BCNames.html,Peter Shipton
Tue Jan 18 18:46:49 2022,BaseAlgorithm.html,Peter Shipton
Tue Jan 18 18:46:49 2022,BytecodeWalk.html,Peter Shipton
Tue Jan 18 18:46:49 2022,ConstantPoolHelpers.html,Peter Shipton
Tue Jan 18 18:46:49 2022,DataType.html,Peter Shipton
Tue Jan 18 18:46:49 2022,GCVMThreadStackSlotIterator.html,Peter Shipton
Tue Jan 18 18:46:49 2022,HashTable.HashEqualFunction.html,Peter Shipton
Tue Jan 18 18:46:49 2022,HashTable.HashFunction.html,Peter Shipton
Tue Jan 18 18:46:49 2022,HashTable.html,Peter Shipton
Tue Jan 18 18:46:49 2022,HashTable_V1.html,Peter Shipton
Tue Jan 18 18:46:49 2022,IAVLSearchComparator.html,Peter Shipton
Tue Jan 18 18:46:49 2022,IAlgorithm.html,Peter Shipton
Tue Jan 18 18:46:49 2022,IHashTable.html,Peter Shipton
Tue Jan 18 18:46:49 2022,J9ConstantHelper.html,Peter Shipton
Tue Jan 18 18:46:49 2022,J9JavaStackIterator.html,Peter Shipton
Tue Jan 18 18:46:49 2022,J9ObjectFieldOffset.html,Peter Shipton
Tue Jan 18 18:46:49 2022,J9ObjectFieldOffsetIterator.html,Peter Shipton
Tue Jan 18 18:46:49 2022,J9ObjectFieldOffsetIterator_V1.html,Peter Shipton
Tue Jan 18 18:46:49 2022,J9ROMFieldShapeIterator.html,Peter Shipton
Tue Jan 18 18:46:49 2022,J9ThreadMonitorHelper.html,Peter Shipton
Tue Jan 18 18:46:49 2022,J9VMThreadPointerUtil.ThreadInfo.html,Peter Shipton
Tue Jan 18 18:46:49 2022,J9VMThreadPointerUtil.html,Peter Shipton
Tue Jan 18 18:46:49 2022,JITLook.html,Peter Shipton
Tue Jan 18 18:46:49 2022,JVMTIObjectTagTable.ObjectTagEqualFunction.html,Peter Shipton
Tue Jan 18 18:46:49 2022,JVMTIObjectTagTable.ObjectTagHashFunction.html,Peter Shipton
Tue Jan 18 18:46:49 2022,JVMTIObjectTagTable.html,Peter Shipton
Tue Jan 18 18:46:49 2022,JavaLangClassLoaderHelper.html,Peter Shipton
Tue Jan 18 18:46:49 2022,LiveSetWalker.ObjectVisitor.html,Peter Shipton
Tue Jan 18 18:46:49 2022,LiveSetWalker.html,Peter Shipton
Tue Jan 18 18:46:49 2022,ModuleHashTable.html,Peter Shipton
Tue Jan 18 18:46:49 2022,MonitorTable.MonitorEqualFunction_V1.html,Peter Shipton
Tue Jan 18 18:46:49 2022,MonitorTable.MonitorHashFunction_V1.html,Peter Shipton
Tue Jan 18 18:46:49 2022,MonitorTable.html,Peter Shipton
Tue Jan 18 18:46:49 2022,MonitorTableList.html,Peter Shipton
Tue Jan 18 18:46:49 2022,MonitorTableListIterator.html,Peter Shipton
Tue Jan 18 18:46:49 2022,ObjectAccessBarrier.html,Peter Shipton
Tue Jan 18 18:46:49 2022,ObjectFieldInfo.html,Peter Shipton
Tue Jan 18 18:46:49 2022,ObjectHash.html,Peter Shipton
Tue Jan 18 18:46:49 2022,ObjectModel.html,Peter Shipton
Tue Jan 18 18:46:49 2022,ObjectMonitor.html,Peter Shipton
Tue Jan 18 18:46:49 2022,OptInfo.html,Peter Shipton
Tue Jan 18 18:46:49 2022,PCStack.html,Peter Shipton
Tue Jan 18 18:46:49 2022,PackageHashTable.html,Peter Shipton
Tue Jan 18 18:46:49 2022,Pool.html,Peter Shipton
Tue Jan 18 18:46:49 2022,Pool_29_V0.html,Peter Shipton
Tue Jan 18 18:46:49 2022,ROMHelp.html,Peter Shipton
Tue Jan 18 18:46:49 2022,RootScanner.Reachability.html,Peter Shipton
Tue Jan 18 18:46:49 2022,RootScanner.html,Peter Shipton
Tue Jan 18 18:46:49 2022,RootSet.RootSetType.html,Peter Shipton
Tue Jan 18 18:46:49 2022,RootSet.html,Peter Shipton
Tue Jan 18 18:46:49 2022,SendSlot.html,Peter Shipton
Tue Jan 18 18:46:49 2022,SlotIterator.html,Peter Shipton
Tue Jan 18 18:46:49 2022,StackRoots.html,Peter Shipton
Tue Jan 18 18:46:49 2022,StringTable.StringComparatorFunction.html,Peter Shipton
Tue Jan 18 18:46:49 2022,StringTable.StringEqualFunction.html,Peter Shipton
Tue Jan 18 18:46:49 2022,StringTable.StringHashFunction.html,Peter Shipton
Tue Jan 18 18:46:49 2022,StringTable.html,Peter Shipton
Tue Jan 18 18:46:49 2022,SystemMonitor.html,Peter Shipton
Tue Jan 18 18:46:49 2022,SystemMonitorSingleTier_V1.html,Peter Shipton
Tue Jan 18 18:46:49 2022,SystemMonitorThreeTier_V1.html,Peter Shipton
Tue Jan 18 18:46:49 2022,VMConstantPool.html,Peter Shipton
Tue Jan 18 18:46:49 2022,VMData.html,Peter Shipton
Tue Jan 18 18:46:49 2022,VrfyTbl.html,Peter Shipton
Tue Jan 18 18:46:49 2022,AVLTree.html,Peter Shipton
Tue Jan 18 18:46:49 2022,AddressAwareRootScanner.html,Peter Shipton
Tue Jan 18 18:46:49 2022,AlgorithmPicker.html,Peter Shipton
Tue Jan 18 18:46:49 2022,AlgorithmVersion.html,Peter Shipton
Tue Jan 18 18:46:49 2022,ArgBits.html,Peter Shipton
Tue Jan 18 18:46:49 2022,BCNames.html,Peter Shipton
Tue Jan 18 18:46:49 2022,BaseAlgorithm.html,Peter Shipton
Tue Jan 18 18:46:49 2022,BytecodeWalk.html,Peter Shipton
Tue Jan 18 18:46:49 2022,ConstantPoolHelpers.html,Peter Shipton
Tue Jan 18 18:46:49 2022,DataType.html,Peter Shipton
Tue Jan 18 18:46:49 2022,GCVMThreadStackSlotIterator.html,Peter Shipton
Tue Jan 18 18:46:49 2022,HashTable.HashEqualFunction.html,Peter Shipton
Tue Jan 18 18:46:49 2022,HashTable.HashFunction.html,Peter Shipton
Tue Jan 18 18:46:49 2022,HashTable.html,Peter Shipton
Tue Jan 18 18:46:49 2022,HashTable_V1.html,Peter Shipton
Tue Jan 18 18:46:49 2022,IAVLSearchComparator.html,Peter Shipton
Tue Jan 18 18:46:49 2022,IAlgorithm.html,Peter Shipton
Tue Jan 18 18:46:49 2022,IHashTable.html,Peter Shipton
Tue Jan 18 18:46:49 2022,J9ConstantHelper.html,Peter Shipton
Tue Jan 18 18:46:49 2022,J9JavaStackIterator.html,Peter Shipton
Tue Jan 18 18:46:49 2022,J9ObjectFieldOffset.html,Peter Shipton
Tue Jan 18 18:46:49 2022,J9ObjectFieldOffsetIterator.html,Peter Shipton
Tue Jan 18 18:46:49 2022,J9ObjectFieldOffsetIterator_V1.html,Peter Shipton
Tue Jan 18 18:46:49 2022,J9ROMFieldShapeIterator.html,Peter Shipton
Tue Jan 18 18:46:49 2022,J9ThreadMonitorHelper.html,Peter Shipton
Tue Jan 18 18:46:49 2022,J9VMThreadPointerUtil.ThreadInfo.html,Peter Shipton
Tue Jan 18 18:46:49 2022,J9VMThreadPointerUtil.html,Peter Shipton
Tue Jan 18 18:46:49 2022,JITLook.html,Peter Shipton
Tue Jan 18 18:46:49 2022,JVMTIObjectTagTable.ObjectTagEqualFunction.html,Peter Shipton
Tue Jan 18 18:46:49 2022,JVMTIObjectTagTable.ObjectTagHashFunction.html,Peter Shipton
Tue Jan 18 18:46:49 2022,JVMTIObjectTagTable.html,Peter Shipton
Tue Jan 18 18:46:49 2022,JavaLangClassLoaderHelper.html,Peter Shipton
Tue Jan 18 18:46:49 2022,LiveSetWalker.ObjectVisitor.html,Peter Shipton
Tue Jan 18 18:46:49 2022,LiveSetWalker.html,Peter Shipton
Tue Jan 18 18:46:49 2022,ModuleHashTable.html,Peter Shipton
Tue Jan 18 18:46:49 2022,MonitorTable.MonitorEqualFunction_V1.html,Peter Shipton
Tue Jan 18 18:46:49 2022,MonitorTable.MonitorHashFunction_V1.html,Peter Shipton
Tue Jan 18 18:46:49 2022,MonitorTable.html,Peter Shipton
Tue Jan 18 18:46:49 2022,MonitorTableList.html,Peter Shipton
Tue Jan 18 18:46:49 2022,MonitorTableListIterator.html,Peter Shipton
Tue Jan 18 18:46:49 2022,ObjectAccessBarrier.html,Peter Shipton
Tue Jan 18 18:46:49 2022,ObjectFieldInfo.html,Peter Shipton
Tue Jan 18 18:46:49 2022,ObjectHash.html,Peter Shipton
Tue Jan 18 18:46:49 2022,ObjectModel.html,Peter Shipton
Tue Jan 18 18:46:49 2022,ObjectMonitor.html,Peter Shipton
Tue Jan 18 18:46:49 2022,OptInfo.html,Peter Shipton
Tue Jan 18 18:46:49 2022,PCStack.html,Peter Shipton
Tue Jan 18 18:46:49 2022,PackageHashTable.html,Peter Shipton
Tue Jan 18 18:46:49 2022,Pool.html,Peter Shipton
Tue Jan 18 18:46:49 2022,Pool_29_V0.html,Peter Shipton
Tue Jan 18 18:46:49 2022,ROMHelp.html,Peter Shipton
Tue Jan 18 18:46:49 2022,RootScanner.Reachability.html,Peter Shipton
Tue Jan 18 18:46:49 2022,RootScanner.html,Peter Shipton
Tue Jan 18 18:46:49 2022,RootSet.RootSetType.html,Peter Shipton
Tue Jan 18 18:46:49 2022,RootSet.html,Peter Shipton
Tue Jan 18 18:46:49 2022,SendSlot.html,Peter Shipton
Tue Jan 18 18:46:49 2022,SlotIterator.html,Peter Shipton
Tue Jan 18 18:46:49 2022,StackRoots.html,Peter Shipton
Tue Jan 18 18:46:49 2022,StringTable.StringComparatorFunction.html,Peter Shipton
Tue Jan 18 18:46:49 2022,StringTable.StringEqualFunction.html,Peter Shipton
Tue Jan 18 18:46:49 2022,StringTable.StringHashFunction.html,Peter Shipton
Tue Jan 18 18:46:49 2022,StringTable.html,Peter Shipton
Tue Jan 18 18:46:49 2022,SystemMonitor.html,Peter Shipton
Tue Jan 18 18:46:49 2022,SystemMonitorSingleTier_V1.html,Peter Shipton
Tue Jan 18 18:46:49 2022,SystemMonitorThreeTier_V1.html,Peter Shipton
Tue Jan 18 18:46:49 2022,VMConstantPool.html,Peter Shipton
Tue Jan 18 18:46:49 2022,VMData.html,Peter Shipton
Tue Jan 18 18:46:49 2022,VrfyTbl.html,Peter Shipton
Tue Jan 18 18:46:49 2022,CorruptFreeEntryException.html,Peter Shipton
Tue Jan 18 18:46:49 2022,CorruptHintException.html,Peter Shipton
Tue Jan 18 18:46:49 2022,GCArrayletObjectModelBase.html,Peter Shipton
Tue Jan 18 18:46:49 2022,GCBase.html,Peter Shipton
Tue Jan 18 18:46:49 2022,GCCardCleaner.html,Peter Shipton
Tue Jan 18 18:46:49 2022,GCCardTable.html,Peter Shipton
Tue Jan 18 18:46:49 2022,GCClassArrayClassSlotIterator.html,Peter Shipton
Tue Jan 18 18:46:49 2022,GCClassHeapIterator.html,Peter Shipton
Tue Jan 18 18:46:49 2022,GCClassIterator.html,Peter Shipton
Tue Jan 18 18:46:49 2022,GCClassIteratorClassSlots.html,Peter Shipton
Tue Jan 18 18:46:49 2022,GCClassLoaderIterator.html,Peter Shipton
Tue Jan 18 18:46:49 2022,GCClassLoaderSegmentClassesIterator.html,Peter Shipton
Tue Jan 18 18:46:49 2022,GCClassLoaderSegmentIterator.html,Peter Shipton
Tue Jan 18 18:46:49 2022,GCClassLocalInterfaceIterator.html,Peter Shipton
Tue Jan 18 18:46:49 2022,GCClassStaticsIterator.html,Peter Shipton
Tue Jan 18 18:46:49 2022,GCClassSuperclassesIterator.html,Peter Shipton
Tue Jan 18 18:46:49 2022,GCConstantPoolClassSlotIterator.html,Peter Shipton
Tue Jan 18 18:46:49 2022,GCConstantPoolObjectSlotIterator.html,Peter Shipton
Tue Jan 18 18:46:49 2022,GCConstantPoolSlotIterator.html,Peter Shipton
Tue Jan 18 18:46:49 2022,GCExtensions.html,Peter Shipton
Tue Jan 18 18:46:49 2022,GCFinalizableObjectIterator.html,Peter Shipton
Tue Jan 18 18:46:49 2022,GCFreeListHeapIterator.html,Peter Shipton
Tue Jan 18 18:46:49 2022,GCFreeListIteratorAggregatedCellList.html,Peter Shipton
Tue Jan 18 18:46:49 2022,GCHeapLinkedFreeHeader.html,Peter Shipton
Tue Jan 18 18:46:49 2022,GCHeapMap.MarkedObject.html,Peter Shipton
Tue Jan 18 18:46:49 2022,GCHeapMap.html,Peter Shipton
Tue Jan 18 18:46:49 2022,GCHeapMapWordIterator.html,Peter Shipton
Tue Jan 18 18:46:49 2022,GCHeapRegionDescriptor.html,Peter Shipton
Tue Jan 18 18:46:49 2022,GCHeapRegionDescriptorSegregated_V1.html,Peter Shipton
Tue Jan 18 18:46:49 2022,GCHeapRegionIterator.html,Peter Shipton
Tue Jan 18 18:46:49 2022,GCHeapRegionManager.html,Peter Shipton
Tue Jan 18 18:46:49 2022,GCHeapSpanRegionIterator.html,Peter Shipton
Tue Jan 18 18:46:49 2022,GCIterator.html,Peter Shipton
Tue Jan 18 18:46:49 2022,GCJNIGlobalReferenceIterator.html,Peter Shipton
Tue Jan 18 18:46:49 2022,GCJNIWeakGlobalReferenceIterator.html,Peter Shipton
Tue Jan 18 18:46:49 2022,GCJVMTIObjectTagTableIterator.html,Peter Shipton
Tue Jan 18 18:46:49 2022,GCJVMTIObjectTagTableListIterator.html,Peter Shipton
Tue Jan 18 18:46:49 2022,GCMarkMap.html,Peter Shipton
Tue Jan 18 18:46:49 2022,GCMarkMapStandard.html,Peter Shipton
Tue Jan 18 18:46:49 2022,GCMemoryPool.MemoryPoolType.html,Peter Shipton
Tue Jan 18 18:46:49 2022,GCMemoryPool.html,Peter Shipton
Tue Jan 18 18:46:49 2022,GCMemoryPoolAddressOrderedList.html,Peter Shipton
Tue Jan 18 18:46:49 2022,GCMemoryPoolAggregatedCellList.html,Peter Shipton
Tue Jan 18 18:46:49 2022,GCMemoryPoolIterator.html,Peter Shipton
Tue Jan 18 18:46:49 2022,GCMemoryPoolSplitAddressOrderedList.html,Peter Shipton
Tue Jan 18 18:46:49 2022,GCModronAllocateHintIterator.html,Peter Shipton
Tue Jan 18 18:46:49 2022,GCModronAllocateHintIteratorAOL.html,Peter Shipton
Tue Jan 18 18:46:49 2022,GCModronAllocateHintIteratorSAOL.html,Peter Shipton
Tue Jan 18 18:46:49 2022,GCMonitorReferenceIterator.html,Peter Shipton
Tue Jan 18 18:46:49 2022,GCObjectHeapIterator.html,Peter Shipton
Tue Jan 18 18:46:49 2022,GCObjectHeapIteratorMarkMapIterator_V1.html,Peter Shipton
Tue Jan 18 18:46:49 2022,GCObjectHeapIteratorNullIterator.html,Peter Shipton
Tue Jan 18 18:46:49 2022,GCObjectIterator.html,Peter Shipton
Tue Jan 18 18:46:49 2022,GCObjectModel.html,Peter Shipton
Tue Jan 18 18:46:49 2022,GCOwnableSynchronizerObjectListIterator.html,Peter Shipton
Tue Jan 18 18:46:49 2022,GCRememberedSetIterator.html,Peter Shipton
Tue Jan 18 18:46:49 2022,GCRememberedSetSlotIterator.html,Peter Shipton
Tue Jan 18 18:46:49 2022,GCScavengerForwardedHeader.html,Peter Shipton
Tue Jan 18 18:46:49 2022,GCSegmentIterator.html,Peter Shipton
Tue Jan 18 18:46:49 2022,GCStringCacheTableIterator.html,Peter Shipton
Tue Jan 18 18:46:49 2022,GCStringTableIterator.html,Peter Shipton
Tue Jan 18 18:46:49 2022,GCUnfinalizedListIterator.html,Peter Shipton
Tue Jan 18 18:46:49 2022,GCUnfinalizedListSlotIterator.html,Peter Shipton
Tue Jan 18 18:46:49 2022,GCUnfinalizedObjectListIterator.html,Peter Shipton
Tue Jan 18 18:46:49 2022,GCVMClassSlotIterator.html,Peter Shipton
Tue Jan 18 18:46:49 2022,GCVMThreadIterator.html,Peter Shipton
Tue Jan 18 18:46:49 2022,GCVMThreadJNISlotIterator.html,Peter Shipton
Tue Jan 18 18:46:49 2022,GCVMThreadListIterator.html,Peter Shipton
Tue Jan 18 18:46:49 2022,GCVMThreadMonitorRecordSlotIterator.html,Peter Shipton
Tue Jan 18 18:46:49 2022,GCVMThreadSlotIterator.html,Peter Shipton
Tue Jan 18 18:46:49 2022,MMObjectAccessBarrier.html,Peter Shipton
Tue Jan 18 18:46:49 2022,CorruptFreeEntryException.html,Peter Shipton
Tue Jan 18 18:46:49 2022,CorruptHintException.html,Peter Shipton
Tue Jan 18 18:46:49 2022,GCArrayletObjectModelBase.html,Peter Shipton
Tue Jan 18 18:46:49 2022,GCBase.html,Peter Shipton
Tue Jan 18 18:46:49 2022,GCCardCleaner.html,Peter Shipton
Tue Jan 18 18:46:49 2022,GCCardTable.html,Peter Shipton
Tue Jan 18 18:46:49 2022,GCClassArrayClassSlotIterator.html,Peter Shipton
Tue Jan 18 18:46:49 2022,GCClassHeapIterator.html,Peter Shipton
Tue Jan 18 18:46:49 2022,GCClassIterator.html,Peter Shipton
Tue Jan 18 18:46:49 2022,GCClassIteratorClassSlots.html,Peter Shipton
Tue Jan 18 18:46:49 2022,GCClassLoaderIterator.html,Peter Shipton
Tue Jan 18 18:46:49 2022,GCClassLoaderSegmentClassesIterator.html,Peter Shipton
Tue Jan 18 18:46:49 2022,GCClassLoaderSegmentIterator.html,Peter Shipton
Tue Jan 18 18:46:49 2022,GCClassLocalInterfaceIterator.html,Peter Shipton
Tue Jan 18 18:46:49 2022,GCClassStaticsIterator.html,Peter Shipton
Tue Jan 18 18:46:49 2022,GCClassSuperclassesIterator.html,Peter Shipton
Tue Jan 18 18:46:49 2022,GCConstantPoolClassSlotIterator.html,Peter Shipton
Tue Jan 18 18:46:49 2022,GCConstantPoolObjectSlotIterator.html,Peter Shipton
Tue Jan 18 18:46:49 2022,GCConstantPoolSlotIterator.html,Peter Shipton
Tue Jan 18 18:46:49 2022,GCExtensions.html,Peter Shipton
Tue Jan 18 18:46:49 2022,GCFinalizableObjectIterator.html,Peter Shipton
Tue Jan 18 18:46:49 2022,GCFreeListHeapIterator.html,Peter Shipton
Tue Jan 18 18:46:49 2022,GCFreeListIteratorAggregatedCellList.html,Peter Shipton
Tue Jan 18 18:46:49 2022,GCHeapLinkedFreeHeader.html,Peter Shipton
Tue Jan 18 18:46:49 2022,GCHeapMap.MarkedObject.html,Peter Shipton
Tue Jan 18 18:46:49 2022,GCHeapMap.html,Peter Shipton
Tue Jan 18 18:46:49 2022,GCHeapMapWordIterator.html,Peter Shipton
Tue Jan 18 18:46:49 2022,GCHeapRegionDescriptor.html,Peter Shipton
Tue Jan 18 18:46:49 2022,GCHeapRegionDescriptorSegregated_V1.html,Peter Shipton
Tue Jan 18 18:46:49 2022,GCHeapRegionIterator.html,Peter Shipton
Tue Jan 18 18:46:49 2022,GCHeapRegionManager.html,Peter Shipton
Tue Jan 18 18:46:49 2022,GCHeapSpanRegionIterator.html,Peter Shipton
Tue Jan 18 18:46:49 2022,GCIterator.html,Peter Shipton
Tue Jan 18 18:46:49 2022,GCJNIGlobalReferenceIterator.html,Peter Shipton
Tue Jan 18 18:46:49 2022,GCJNIWeakGlobalReferenceIterator.html,Peter Shipton
Tue Jan 18 18:46:49 2022,GCJVMTIObjectTagTableIterator.html,Peter Shipton
Tue Jan 18 18:46:49 2022,GCJVMTIObjectTagTableListIterator.html,Peter Shipton
Tue Jan 18 18:46:49 2022,GCMarkMap.html,Peter Shipton
Tue Jan 18 18:46:49 2022,GCMarkMapStandard.html,Peter Shipton
Tue Jan 18 18:46:49 2022,GCMemoryPool.MemoryPoolType.html,Peter Shipton
Tue Jan 18 18:46:49 2022,GCMemoryPool.html,Peter Shipton
Tue Jan 18 18:46:49 2022,GCMemoryPoolAddressOrderedList.html,Peter Shipton
Tue Jan 18 18:46:49 2022,GCMemoryPoolAggregatedCellList.html,Peter Shipton
Tue Jan 18 18:46:49 2022,GCMemoryPoolIterator.html,Peter Shipton
Tue Jan 18 18:46:49 2022,GCMemoryPoolSplitAddressOrderedList.html,Peter Shipton
Tue Jan 18 18:46:49 2022,GCModronAllocateHintIterator.html,Peter Shipton
Tue Jan 18 18:46:49 2022,GCModronAllocateHintIteratorAOL.html,Peter Shipton
Tue Jan 18 18:46:49 2022,GCModronAllocateHintIteratorSAOL.html,Peter Shipton
Tue Jan 18 18:46:49 2022,GCMonitorReferenceIterator.html,Peter Shipton
Tue Jan 18 18:46:49 2022,GCObjectHeapIterator.html,Peter Shipton
Tue Jan 18 18:46:49 2022,GCObjectHeapIteratorMarkMapIterator_V1.html,Peter Shipton
Tue Jan 18 18:46:49 2022,GCObjectHeapIteratorNullIterator.html,Peter Shipton
Tue Jan 18 18:46:49 2022,GCObjectIterator.html,Peter Shipton
Tue Jan 18 18:46:49 2022,GCObjectModel.html,Peter Shipton
Tue Jan 18 18:46:49 2022,GCOwnableSynchronizerObjectListIterator.html,Peter Shipton
Tue Jan 18 18:46:49 2022,GCRememberedSetIterator.html,Peter Shipton
Tue Jan 18 18:46:49 2022,GCRememberedSetSlotIterator.html,Peter Shipton
Tue Jan 18 18:46:49 2022,GCScavengerForwardedHeader.html,Peter Shipton
Tue Jan 18 18:46:49 2022,GCSegmentIterator.html,Peter Shipton
Tue Jan 18 18:46:49 2022,GCStringCacheTableIterator.html,Peter Shipton
Tue Jan 18 18:46:49 2022,GCStringTableIterator.html,Peter Shipton
Tue Jan 18 18:46:49 2022,GCUnfinalizedListIterator.html,Peter Shipton
Tue Jan 18 18:46:49 2022,GCUnfinalizedListSlotIterator.html,Peter Shipton
Tue Jan 18 18:46:49 2022,GCUnfinalizedObjectListIterator.html,Peter Shipton
Tue Jan 18 18:46:49 2022,GCVMClassSlotIterator.html,Peter Shipton
Tue Jan 18 18:46:49 2022,GCVMThreadIterator.html,Peter Shipton
Tue Jan 18 18:46:49 2022,GCVMThreadJNISlotIterator.html,Peter Shipton
Tue Jan 18 18:46:49 2022,GCVMThreadListIterator.html,Peter Shipton
Tue Jan 18 18:46:49 2022,GCVMThreadMonitorRecordSlotIterator.html,Peter Shipton
Tue Jan 18 18:46:49 2022,GCVMThreadSlotIterator.html,Peter Shipton
Tue Jan 18 18:46:49 2022,MMObjectAccessBarrier.html,Peter Shipton
Tue Jan 18 18:46:49 2022,package-summary.html,Peter Shipton
Tue Jan 18 18:46:49 2022,package-tree.html,Peter Shipton
Tue Jan 18 18:46:49 2022,package-use.html,Peter Shipton
Tue Jan 18 18:46:49 2022,package-summary.html,Peter Shipton
Tue Jan 18 18:46:49 2022,package-tree.html,Peter Shipton
Tue Jan 18 18:46:49 2022,package-use.html,Peter Shipton
Tue Jan 18 18:46:49 2022,DebugLocalMap.html,Peter Shipton
Tue Jan 18 18:46:49 2022,LocalMap.html,Peter Shipton
Tue Jan 18 18:46:49 2022,StackMap.html,Peter Shipton
Tue Jan 18 18:46:49 2022,DebugLocalMap.html,Peter Shipton
Tue Jan 18 18:46:49 2022,LocalMap.html,Peter Shipton
Tue Jan 18 18:46:49 2022,StackMap.html,Peter Shipton
Tue Jan 18 18:46:49 2022,package-summary.html,Peter Shipton
Tue Jan 18 18:46:49 2022,package-tree.html,Peter Shipton
Tue Jan 18 18:46:49 2022,package-use.html,Peter Shipton
Tue Jan 18 18:46:49 2022,BaseStackWalkerCallbacks.html,Peter Shipton
Tue Jan 18 18:46:49 2022,FrameCallbackResult.html,Peter Shipton
Tue Jan 18 18:46:49 2022,IStackWalkerCallbacks.html,Peter Shipton
Tue Jan 18 18:46:49 2022,JITRegMap.html,Peter Shipton
Tue Jan 18 18:46:49 2022,JITStackWalker.html,Peter Shipton
Tue Jan 18 18:46:49 2022,MethodMetaData.JITMaps.html,Peter Shipton
Tue Jan 18 18:46:49 2022,MethodMetaData.html,Peter Shipton
Tue Jan 18 18:46:49 2022,StackWalkResult.html,Peter Shipton
Tue Jan 18 18:46:49 2022,StackWalker.html,Peter Shipton
Tue Jan 18 18:46:49 2022,StackWalkerUtils.html,Peter Shipton
Tue Jan 18 18:46:49 2022,TerseStackWalkerCallbacks.html,Peter Shipton
Tue Jan 18 18:46:49 2022,WalkState.html,Peter Shipton
Tue Jan 18 18:46:49 2022,BaseStackWalkerCallbacks.html,Peter Shipton
Tue Jan 18 18:46:49 2022,FrameCallbackResult.html,Peter Shipton
Tue Jan 18 18:46:49 2022,IStackWalkerCallbacks.html,Peter Shipton
Tue Jan 18 18:46:49 2022,JITRegMap.html,Peter Shipton
Tue Jan 18 18:46:49 2022,JITStackWalker.html,Peter Shipton
Tue Jan 18 18:46:49 2022,MethodMetaData.JITMaps.html,Peter Shipton
Tue Jan 18 18:46:49 2022,MethodMetaData.html,Peter Shipton
Tue Jan 18 18:46:49 2022,StackWalkResult.html,Peter Shipton
Tue Jan 18 18:46:49 2022,StackWalker.html,Peter Shipton
Tue Jan 18 18:46:49 2022,StackWalkerUtils.html,Peter Shipton
Tue Jan 18 18:46:49 2022,TerseStackWalkerCallbacks.html,Peter Shipton
Tue Jan 18 18:46:49 2022,WalkState.html,Peter Shipton
Tue Jan 18 18:46:49 2022,package-summary.html,Peter Shipton
Tue Jan 18 18:46:49 2022,package-tree.html,Peter Shipton
Tue Jan 18 18:46:49 2022,package-use.html,Peter Shipton
Tue Jan 18 18:46:49 2022,ArrayIterator.html,Peter Shipton
Tue Jan 18 18:46:49 2022,ClassIterator.html,Peter Shipton
Tue Jan 18 18:46:49 2022,ClassSegmentIterator.html,Peter Shipton
Tue Jan 18 18:46:49 2022,FilteredROMClassesIterator.html,Peter Shipton
Tue Jan 18 18:46:49 2022,HeapWalker.html,Peter Shipton
Tue Jan 18 18:46:49 2022,HeapWalkerEvents.html,Peter Shipton
Tue Jan 18 18:46:49 2022,J9MemTagIterator.html,Peter Shipton
Tue Jan 18 18:46:49 2022,J9ROMClassAndMethod.html,Peter Shipton
Tue Jan 18 18:46:49 2022,LineNumber.html,Peter Shipton
Tue Jan 18 18:46:49 2022,LineNumberIterator.html,Peter Shipton
Tue Jan 18 18:46:49 2022,LocalVariableTable.html,Peter Shipton
Tue Jan 18 18:46:49 2022,LocalVariableTableIterator.html,Peter Shipton
Tue Jan 18 18:46:49 2022,MemoryCategoryIterator.html,Peter Shipton
Tue Jan 18 18:46:49 2022,MemorySegmentIterator.html,Peter Shipton
Tue Jan 18 18:46:49 2022,MonitorIterator.html,Peter Shipton
Tue Jan 18 18:46:49 2022,ROMClassesIterator.html,Peter Shipton
Tue Jan 18 18:46:49 2022,ROMClassesRangeIterator.html,Peter Shipton
Tue Jan 18 18:46:49 2022,ArrayIterator.html,Peter Shipton
Tue Jan 18 18:46:49 2022,ClassIterator.html,Peter Shipton
Tue Jan 18 18:46:49 2022,ClassSegmentIterator.html,Peter Shipton
Tue Jan 18 18:46:49 2022,FilteredROMClassesIterator.html,Peter Shipton
Tue Jan 18 18:46:49 2022,HeapWalker.html,Peter Shipton
Tue Jan 18 18:46:49 2022,HeapWalkerEvents.html,Peter Shipton
Tue Jan 18 18:46:49 2022,J9MemTagIterator.html,Peter Shipton
Tue Jan 18 18:46:49 2022,J9ROMClassAndMethod.html,Peter Shipton
Tue Jan 18 18:46:49 2022,LineNumber.html,Peter Shipton
Tue Jan 18 18:46:49 2022,LineNumberIterator.html,Peter Shipton
Tue Jan 18 18:46:49 2022,LocalVariableTable.html,Peter Shipton
Tue Jan 18 18:46:49 2022,LocalVariableTableIterator.html,Peter Shipton
Tue Jan 18 18:46:49 2022,MemoryCategoryIterator.html,Peter Shipton
Tue Jan 18 18:46:49 2022,MemorySegmentIterator.html,Peter Shipton
Tue Jan 18 18:46:49 2022,MonitorIterator.html,Peter Shipton
Tue Jan 18 18:46:49 2022,ROMClassesIterator.html,Peter Shipton
Tue Jan 18 18:46:49 2022,ROMClassesRangeIterator.html,Peter Shipton
Tue Jan 18 18:46:49 2022,package-summary.html,Peter Shipton
Tue Jan 18 18:46:49 2022,package-tree.html,Peter Shipton
Tue Jan 18 18:46:49 2022,package-use.html,Peter Shipton
Tue Jan 18 18:46:49 2022,AbstractPointer.html,Peter Shipton
Tue Jan 18 18:46:49 2022,BoolPointer.html,Peter Shipton
Tue Jan 18 18:46:49 2022,CorruptPointer.html,Peter Shipton
Tue Jan 18 18:46:49 2022,DoublePointer.html,Peter Shipton
Tue Jan 18 18:46:49 2022,EnumPointer.html,Peter Shipton
Tue Jan 18 18:46:49 2022,FloatPointer.html,Peter Shipton
Tue Jan 18 18:46:49 2022,I16Pointer.html,Peter Shipton
Tue Jan 18 18:46:49 2022,I32Pointer.html,Peter Shipton
Tue Jan 18 18:46:49 2022,I64Pointer.html,Peter Shipton
Tue Jan 18 18:46:49 2022,I8Pointer.html,Peter Shipton
Tue Jan 18 18:46:49 2022,IDATAPointer.html,Peter Shipton
Tue Jan 18 18:46:49 2022,ObjectClassReferencePointer.html,Peter Shipton
Tue Jan 18 18:46:49 2022,ObjectMonitorReferencePointer.html,Peter Shipton
Tue Jan 18 18:46:49 2022,ObjectReferencePointer.html,Peter Shipton
Tue Jan 18 18:46:49 2022,Pointer.html,Peter Shipton
Tue Jan 18 18:46:49 2022,PointerPointer.html,Peter Shipton
Tue Jan 18 18:46:49 2022,SelfRelativePointer.html,Peter Shipton
Tue Jan 18 18:46:49 2022,StructurePointer.StructureField.html,Peter Shipton
Tue Jan 18 18:46:49 2022,StructurePointer.html,Peter Shipton
Tue Jan 18 18:46:49 2022,U16Pointer.html,Peter Shipton
Tue Jan 18 18:46:49 2022,U32Pointer.html,Peter Shipton
Tue Jan 18 18:46:49 2022,U64Pointer.html,Peter Shipton
Tue Jan 18 18:46:49 2022,U8Pointer.html,Peter Shipton
Tue Jan 18 18:46:49 2022,UDATAPointer.html,Peter Shipton
Tue Jan 18 18:46:49 2022,VoidPointer.html,Peter Shipton
Tue Jan 18 18:46:49 2022,WideSelfRelativePointer.html,Peter Shipton
Tue Jan 18 18:46:49 2022,AbstractPointer.html,Peter Shipton
Tue Jan 18 18:46:49 2022,BoolPointer.html,Peter Shipton
Tue Jan 18 18:46:49 2022,CorruptPointer.html,Peter Shipton
Tue Jan 18 18:46:49 2022,DoublePointer.html,Peter Shipton
Tue Jan 18 18:46:49 2022,EnumPointer.html,Peter Shipton
Tue Jan 18 18:46:49 2022,FloatPointer.html,Peter Shipton
Tue Jan 18 18:46:49 2022,I16Pointer.html,Peter Shipton
Tue Jan 18 18:46:49 2022,I32Pointer.html,Peter Shipton
Tue Jan 18 18:46:49 2022,I64Pointer.html,Peter Shipton
Tue Jan 18 18:46:49 2022,I8Pointer.html,Peter Shipton
Tue Jan 18 18:46:49 2022,IDATAPointer.html,Peter Shipton
Tue Jan 18 18:46:49 2022,ObjectClassReferencePointer.html,Peter Shipton
Tue Jan 18 18:46:49 2022,ObjectMonitorReferencePointer.html,Peter Shipton
Tue Jan 18 18:46:49 2022,ObjectReferencePointer.html,Peter Shipton
Tue Jan 18 18:46:49 2022,Pointer.html,Peter Shipton
Tue Jan 18 18:46:49 2022,PointerPointer.html,Peter Shipton
Tue Jan 18 18:46:49 2022,SelfRelativePointer.html,Peter Shipton
Tue Jan 18 18:46:49 2022,StructurePointer.StructureField.html,Peter Shipton
Tue Jan 18 18:46:49 2022,StructurePointer.html,Peter Shipton
Tue Jan 18 18:46:49 2022,U16Pointer.html,Peter Shipton
Tue Jan 18 18:46:49 2022,U32Pointer.html,Peter Shipton
Tue Jan 18 18:46:49 2022,U64Pointer.html,Peter Shipton
Tue Jan 18 18:46:49 2022,U8Pointer.html,Peter Shipton
Tue Jan 18 18:46:49 2022,UDATAPointer.html,Peter Shipton
Tue Jan 18 18:46:49 2022,VoidPointer.html,Peter Shipton
Tue Jan 18 18:46:49 2022,WideSelfRelativePointer.html,Peter Shipton
Tue Jan 18 18:46:49 2022,AttachedDataWrapperHelper.html,Peter Shipton
Tue Jan 18 18:46:49 2022,ByteDataWrapperHelper.html,Peter Shipton
Tue Jan 18 18:46:49 2022,CacheletWrapperHelper.html,Peter Shipton
Tue Jan 18 18:46:49 2022,CharArrayWrapperHelper.html,Peter Shipton
Tue Jan 18 18:46:49 2022,ClasspathEntryItemHelper.html,Peter Shipton
Tue Jan 18 18:46:49 2022,ClasspathItemHelper.html,Peter Shipton
Tue Jan 18 18:46:49 2022,ClasspathWrapperHelper.html,Peter Shipton
Tue Jan 18 18:46:49 2022,CompiledMethodWrapperHelper.html,Peter Shipton
Tue Jan 18 18:46:49 2022,J9ArrayClassHelper.html,Peter Shipton
Tue Jan 18 18:46:49 2022,J9ClassHelper.html,Peter Shipton
Tue Jan 18 18:46:49 2022,J9ClassLoaderHelper.html,Peter Shipton
Tue Jan 18 18:46:49 2022,J9IndexableObjectHelper.html,Peter Shipton
Tue Jan 18 18:46:49 2022,J9JavaVMHelper.html,Peter Shipton
Tue Jan 18 18:46:49 2022,J9MemTagHelper.J9MemTagCheckError.html,Peter Shipton
Tue Jan 18 18:46:49 2022,J9MemTagHelper.html,Peter Shipton
Tue Jan 18 18:46:49 2022,J9MethodDebugInfoHelper.html,Peter Shipton
Tue Jan 18 18:46:49 2022,J9MethodHelper.html,Peter Shipton
Tue Jan 18 18:46:49 2022,J9ObjectHelper.html,Peter Shipton
Tue Jan 18 18:46:49 2022,J9ObjectMonitorHelper.html,Peter Shipton
Tue Jan 18 18:46:49 2022,J9RASHelper.html,Peter Shipton
Tue Jan 18 18:46:49 2022,J9ROMClassHelper.html,Peter Shipton
Tue Jan 18 18:46:49 2022,J9ROMFieldShapeHelper.html,Peter Shipton
Tue Jan 18 18:46:49 2022,J9ROMMethodHelper.html,Peter Shipton
Tue Jan 18 18:46:49 2022,J9ThreadHelper.html,Peter Shipton
Tue Jan 18 18:46:49 2022,J9UTF8Helper.html,Peter Shipton
Tue Jan 18 18:46:49 2022,J9VMThreadHelper.html,Peter Shipton
Tue Jan 18 18:46:49 2022,MM_HeapRegionDescriptorHelper.html,Peter Shipton
Tue Jan 18 18:46:49 2022,OMRMemCategoryHelper.IOMRMemCategoryVisitor.html,Peter Shipton
Tue Jan 18 18:46:49 2022,OMRMemCategoryHelper.html,Peter Shipton
Tue Jan 18 18:46:49 2022,OrphanWrapperHelper.html,Peter Shipton
Tue Jan 18 18:46:49 2022,PrintObjectFieldsHelper.html,Peter Shipton
Tue Jan 18 18:46:49 2022,ROMClassWrapperHelper.html,Peter Shipton
Tue Jan 18 18:46:49 2022,ScopedROMClassWrapperHelper.html,Peter Shipton
Tue Jan 18 18:46:49 2022,SharedClassesMetaDataHelper.html,Peter Shipton
Tue Jan 18 18:46:49 2022,ShcItemHdrHelper.html,Peter Shipton
Tue Jan 18 18:46:49 2022,ShcItemHelper.html,Peter Shipton
Tue Jan 18 18:46:49 2022,ValueTypeHelper.html,Peter Shipton
Tue Jan 18 18:46:49 2022,AttachedDataWrapperHelper.html,Peter Shipton
Tue Jan 18 18:46:49 2022,ByteDataWrapperHelper.html,Peter Shipton
Tue Jan 18 18:46:49 2022,CacheletWrapperHelper.html,Peter Shipton
Tue Jan 18 18:46:49 2022,CharArrayWrapperHelper.html,Peter Shipton
Tue Jan 18 18:46:49 2022,ClasspathEntryItemHelper.html,Peter Shipton
Tue Jan 18 18:46:49 2022,ClasspathItemHelper.html,Peter Shipton
Tue Jan 18 18:46:49 2022,ClasspathWrapperHelper.html,Peter Shipton
Tue Jan 18 18:46:49 2022,CompiledMethodWrapperHelper.html,Peter Shipton
Tue Jan 18 18:46:49 2022,J9ArrayClassHelper.html,Peter Shipton
Tue Jan 18 18:46:49 2022,J9ClassHelper.html,Peter Shipton
Tue Jan 18 18:46:49 2022,J9ClassLoaderHelper.html,Peter Shipton
Tue Jan 18 18:46:49 2022,J9IndexableObjectHelper.html,Peter Shipton
Tue Jan 18 18:46:49 2022,J9JavaVMHelper.html,Peter Shipton
Tue Jan 18 18:46:49 2022,J9MemTagHelper.J9MemTagCheckError.html,Peter Shipton
Tue Jan 18 18:46:49 2022,J9MemTagHelper.html,Peter Shipton
Tue Jan 18 18:46:49 2022,J9MethodDebugInfoHelper.html,Peter Shipton
Tue Jan 18 18:46:49 2022,J9MethodHelper.html,Peter Shipton
Tue Jan 18 18:46:49 2022,J9ObjectHelper.html,Peter Shipton
Tue Jan 18 18:46:49 2022,J9ObjectMonitorHelper.html,Peter Shipton
Tue Jan 18 18:46:49 2022,J9RASHelper.html,Peter Shipton
Tue Jan 18 18:46:49 2022,J9ROMClassHelper.html,Peter Shipton
Tue Jan 18 18:46:49 2022,J9ROMFieldShapeHelper.html,Peter Shipton
Tue Jan 18 18:46:49 2022,J9ROMMethodHelper.html,Peter Shipton
Tue Jan 18 18:46:49 2022,J9ThreadHelper.html,Peter Shipton
Tue Jan 18 18:46:49 2022,J9UTF8Helper.html,Peter Shipton
Tue Jan 18 18:46:49 2022,J9VMThreadHelper.html,Peter Shipton
Tue Jan 18 18:46:49 2022,MM_HeapRegionDescriptorHelper.html,Peter Shipton
Tue Jan 18 18:46:49 2022,OMRMemCategoryHelper.IOMRMemCategoryVisitor.html,Peter Shipton
Tue Jan 18 18:46:49 2022,OMRMemCategoryHelper.html,Peter Shipton
Tue Jan 18 18:46:49 2022,OrphanWrapperHelper.html,Peter Shipton
Tue Jan 18 18:46:49 2022,PrintObjectFieldsHelper.html,Peter Shipton
Tue Jan 18 18:46:49 2022,ROMClassWrapperHelper.html,Peter Shipton
Tue Jan 18 18:46:49 2022,ScopedROMClassWrapperHelper.html,Peter Shipton
Tue Jan 18 18:46:49 2022,SharedClassesMetaDataHelper.html,Peter Shipton
Tue Jan 18 18:46:49 2022,ShcItemHdrHelper.html,Peter Shipton
Tue Jan 18 18:46:49 2022,ShcItemHelper.html,Peter Shipton
Tue Jan 18 18:46:49 2022,ValueTypeHelper.html,Peter Shipton
Tue Jan 18 18:46:49 2022,package-summary.html,Peter Shipton
Tue Jan 18 18:46:49 2022,package-tree.html,Peter Shipton
Tue Jan 18 18:46:49 2022,package-use.html,Peter Shipton
Tue Jan 18 18:46:49 2022,package-summary.html,Peter Shipton
Tue Jan 18 18:46:49 2022,package-tree.html,Peter Shipton
Tue Jan 18 18:46:49 2022,package-use.html,Peter Shipton
Tue Jan 18 18:46:49 2022,ClassSummaryHelper.html,Peter Shipton
Tue Jan 18 18:46:49 2022,ClassWalker.html,Peter Shipton
Tue Jan 18 18:46:49 2022,FilteredROMMethodsIterator.html,Peter Shipton
Tue Jan 18 18:46:49 2022,FindVMTask.html,Peter Shipton
Tue Jan 18 18:46:49 2022,GetCommandsTask.html,Peter Shipton
Tue Jan 18 18:46:49 2022,IClassWalkCallbacks.SlotType.html,Peter Shipton
Tue Jan 18 18:46:49 2022,IClassWalkCallbacks.html,Peter Shipton
Tue Jan 18 18:46:49 2022,JavaVersionHelper.html,Peter Shipton
Tue Jan 18 18:46:49 2022,LinearDumper.J9ClassRegion.html,Peter Shipton
Tue Jan 18 18:46:49 2022,LinearDumper.J9ClassRegionNode.html,Peter Shipton
Tue Jan 18 18:46:49 2022,LinearDumper.html,Peter Shipton
Tue Jan 18 18:46:49 2022,ModularityHelper.ClassIteratorFilter.html,Peter Shipton
Tue Jan 18 18:46:49 2022,ModularityHelper.ClassOutput.html,Peter Shipton
Tue Jan 18 18:46:49 2022,ModularityHelper.ModuleIteratorFilter.html,Peter Shipton
Tue Jan 18 18:46:49 2022,ModularityHelper.ModuleOutput.html,Peter Shipton
Tue Jan 18 18:46:49 2022,ModularityHelper.PackageIteratorFilter.html,Peter Shipton
Tue Jan 18 18:46:49 2022,ModularityHelper.PackageOutput.html,Peter Shipton
Tue Jan 18 18:46:49 2022,ModularityHelper.html,Peter Shipton
Tue Jan 18 18:46:49 2022,RamClassWalker.html,Peter Shipton
Tue Jan 18 18:46:49 2022,RomClassWalker.html,Peter Shipton
Tue Jan 18 18:46:49 2022,RuntimeTypeResolutionHelper.html,Peter Shipton
Tue Jan 18 18:46:49 2022,StructureCommand.html,Peter Shipton
Tue Jan 18 18:46:49 2022,ThreadsCommand.html,Peter Shipton
Tue Jan 18 18:46:49 2022,WhatIsCommand.html,Peter Shipton
Tue Jan 18 18:46:49 2022,ClassSummaryHelper.html,Peter Shipton
Tue Jan 18 18:46:49 2022,ClassWalker.html,Peter Shipton
Tue Jan 18 18:46:49 2022,FilteredROMMethodsIterator.html,Peter Shipton
Tue Jan 18 18:46:49 2022,FindVMTask.html,Peter Shipton
Tue Jan 18 18:46:49 2022,GetCommandsTask.html,Peter Shipton
Tue Jan 18 18:46:49 2022,IClassWalkCallbacks.SlotType.html,Peter Shipton
Tue Jan 18 18:46:49 2022,IClassWalkCallbacks.html,Peter Shipton
Tue Jan 18 18:46:49 2022,JavaVersionHelper.html,Peter Shipton
Tue Jan 18 18:46:49 2022,LinearDumper.J9ClassRegion.html,Peter Shipton
Tue Jan 18 18:46:49 2022,LinearDumper.J9ClassRegionNode.html,Peter Shipton
Tue Jan 18 18:46:49 2022,LinearDumper.html,Peter Shipton
Tue Jan 18 18:46:49 2022,ModularityHelper.ClassIteratorFilter.html,Peter Shipton
Tue Jan 18 18:46:49 2022,ModularityHelper.ClassOutput.html,Peter Shipton
Tue Jan 18 18:46:49 2022,ModularityHelper.ModuleIteratorFilter.html,Peter Shipton
Tue Jan 18 18:46:49 2022,ModularityHelper.ModuleOutput.html,Peter Shipton
Tue Jan 18 18:46:49 2022,ModularityHelper.PackageIteratorFilter.html,Peter Shipton
Tue Jan 18 18:46:49 2022,ModularityHelper.PackageOutput.html,Peter Shipton
Tue Jan 18 18:46:49 2022,ModularityHelper.html,Peter Shipton
Tue Jan 18 18:46:49 2022,RamClassWalker.html,Peter Shipton
Tue Jan 18 18:46:49 2022,RomClassWalker.html,Peter Shipton
Tue Jan 18 18:46:49 2022,RuntimeTypeResolutionHelper.html,Peter Shipton
Tue Jan 18 18:46:49 2022,StructureCommand.html,Peter Shipton
Tue Jan 18 18:46:49 2022,ThreadsCommand.html,Peter Shipton
Tue Jan 18 18:46:49 2022,WhatIsCommand.html,Peter Shipton
Tue Jan 18 18:46:49 2022,ACCommand.html,Peter Shipton
Tue Jan 18 18:46:49 2022,AllClassesCommand.html,Peter Shipton
Tue Jan 18 18:46:49 2022,AnalyseRomClassUTF8Command.html,Peter Shipton
Tue Jan 18 18:46:49 2022,BuildFlagsCommand.html,Peter Shipton
Tue Jan 18 18:46:49 2022,ByteCodeDumper.html,Peter Shipton
Tue Jan 18 18:46:49 2022,BytecodesCommand.html,Peter Shipton
Tue Jan 18 18:46:49 2022,CPDescriptionCommand.html,Peter Shipton
Tue Jan 18 18:46:49 2022,ClassForNameCommand.html,Peter Shipton
Tue Jan 18 18:46:49 2022,ClassloadersSummaryCommand.ClassloadersSummaryNode.html,Peter Shipton
Tue Jan 18 18:46:49 2022,ClassloadersSummaryCommand.html,Peter Shipton
Tue Jan 18 18:46:49 2022,CompressedRefMappingCommand.html,Peter Shipton
Tue Jan 18 18:46:49 2022,CoreInfoCommand.html,Peter Shipton
Tue Jan 18 18:46:49 2022,DumpAllClassesInModuleCommand.html,Peter Shipton
Tue Jan 18 18:46:49 2022,DumpAllClassloadersCommand.html,Peter Shipton
Tue Jan 18 18:46:49 2022,DumpAllRamClassLinearCommand.html,Peter Shipton
Tue Jan 18 18:46:49 2022,DumpAllRegionsCommand.html,Peter Shipton
Tue Jan 18 18:46:49 2022,DumpAllRomClassLinearCommand.html,Peter Shipton
Tue Jan 18 18:46:49 2022,DumpAllSegmentsCommand.html,Peter Shipton
Tue Jan 18 18:46:49 2022,DumpContendedLoadTable.html,Peter Shipton
Tue Jan 18 18:46:49 2022,DumpModuleCommand.html,Peter Shipton
Tue Jan 18 18:46:49 2022,DumpModuleDirectedExportsCommand.html,Peter Shipton
Tue Jan 18 18:46:49 2022,DumpModuleExportsCommand.html,Peter Shipton
Tue Jan 18 18:46:49 2022,DumpModuleReadsCommand.html,Peter Shipton
Tue Jan 18 18:46:49 2022,DumpPackageCommand.html,Peter Shipton
Tue Jan 18 18:46:49 2022,DumpRamClassLinearCommand.html,Peter Shipton
Tue Jan 18 18:46:49 2022,DumpRomClassCommand.html,Peter Shipton
Tue Jan 18 18:46:49 2022,DumpRomClassLinearCommand.html,Peter Shipton
Tue Jan 18 18:46:49 2022,DumpRomMethodCommand.html,Peter Shipton
Tue Jan 18 18:46:49 2022,DumpSegmentsInListCommand.html,Peter Shipton
Tue Jan 18 18:46:49 2022,DumpSegregatedStatsCommand.html,Peter Shipton
Tue Jan 18 18:46:49 2022,DumpStringTableCommand.html,Peter Shipton
Tue Jan 18 18:46:49 2022,ExtendedMethodFlagInfoCommand.html,Peter Shipton
Tue Jan 18 18:46:49 2022,FindAllModulesCommand.html,Peter Shipton
Tue Jan 18 18:46:49 2022,FindAllReadsCommand.html,Peter Shipton
Tue Jan 18 18:46:49 2022,FindMethodFromPcCommand.html,Peter Shipton
Tue Jan 18 18:46:49 2022,FindModuleByNameCommand.html,Peter Shipton
Tue Jan 18 18:46:49 2022,FindModulesCommand.html,Peter Shipton
Tue Jan 18 18:46:49 2022,FindOverlappingSegmentsCommand.html,Peter Shipton
Tue Jan 18 18:46:49 2022,FindPatternCommand.html,Peter Shipton
Tue Jan 18 18:46:49 2022,FindStackValueCommand.html,Peter Shipton
Tue Jan 18 18:46:49 2022,FindVMCommand.html,Peter Shipton
Tue Jan 18 18:46:49 2022,FlatObjectCommand.html,Peter Shipton
Tue Jan 18 18:46:49 2022,GCCheckCommand.html,Peter Shipton
Tue Jan 18 18:46:49 2022,HashCodeCommand.html,Peter Shipton
Tue Jan 18 18:46:49 2022,ITableSizeCommand.html,Peter Shipton
Tue Jan 18 18:46:49 2022,J9BCUtil.html,Peter Shipton
Tue Jan 18 18:46:49 2022,J9ClassShapeCommand.html,Peter Shipton
Tue Jan 18 18:46:49 2022,J9MemTagCommands.html,Peter Shipton
Tue Jan 18 18:46:49 2022,J9StaticsCommand.html,Peter Shipton
Tue Jan 18 18:46:49 2022,J9VTablesCommand.html,Peter Shipton
Tue Jan 18 18:46:49 2022,JextractCommand.html,Peter Shipton
Tue Jan 18 18:46:49 2022,JitMetadataFromPcCommand.html,Peter Shipton
Tue Jan 18 18:46:49 2022,JitstackCommand.html,Peter Shipton
Tue Jan 18 18:46:49 2022,LocalMapCommand.html,Peter Shipton
Tue Jan 18 18:46:49 2022,MarkMapCommand.html,Peter Shipton
Tue Jan 18 18:46:49 2022,MethodForNameCommand.html,Peter Shipton
Tue Jan 18 18:46:49 2022,MonitorsCommand.html,Peter Shipton
Tue Jan 18 18:46:49 2022,NativeMemInfoCommand.html,Peter Shipton
Tue Jan 18 18:46:49 2022,ObjectRefsCommand.html,Peter Shipton
Tue Jan 18 18:46:49 2022,ObjectSizeInfo.html,Peter Shipton
Tue Jan 18 18:46:49 2022,QueryRomClassCommand.html,Peter Shipton
Tue Jan 18 18:46:49 2022,RamClassSummaryCommand.html,Peter Shipton
Tue Jan 18 18:46:49 2022,RomClassForNameCommand.html,Peter Shipton
Tue Jan 18 18:46:49 2022,RomClassSummaryCommand.html,Peter Shipton
Tue Jan 18 18:46:49 2022,RootPathCommand.html,Peter Shipton
Tue Jan 18 18:46:49 2022,RuntimeSettingsCommand.html,Peter Shipton
Tue Jan 18 18:46:49 2022,SearchStringTableCommand.html,Peter Shipton
Tue Jan 18 18:46:49 2022,SegmentsUtil.html,Peter Shipton
Tue Jan 18 18:46:49 2022,SetVMCommand.html,Peter Shipton
Tue Jan 18 18:46:49 2022,ShowDumpAgentsCommand.html,Peter Shipton
Tue Jan 18 18:46:49 2022,ShrCCommand.html,Peter Shipton
Tue Jan 18 18:46:49 2022,StackWalkCommand.html,Peter Shipton
Tue Jan 18 18:46:49 2022,StackmapCommand.html,Peter Shipton
Tue Jan 18 18:46:49 2022,TrPrintCommand.html,Peter Shipton
Tue Jan 18 18:46:49 2022,TraceConfigCommand.ModuleVisitor.html,Peter Shipton
Tue Jan 18 18:46:49 2022,TraceConfigCommand.html,Peter Shipton
Tue Jan 18 18:46:49 2022,VMConstantPoolCommand.html,Peter Shipton
Tue Jan 18 18:46:49 2022,ValidateTraceFreeQueueCommand.html,Peter Shipton
Tue Jan 18 18:46:49 2022,VmCheckCommand.html,Peter Shipton
Tue Jan 18 18:46:49 2022,WalkInternTableCommand.html,Peter Shipton
Tue Jan 18 18:46:49 2022,WalkJ9PoolCommand.html,Peter Shipton
Tue Jan 18 18:46:49 2022,WalkUtThreadDataCommand.html,Peter Shipton
Tue Jan 18 18:46:49 2022,WildCard.html,Peter Shipton
Tue Jan 18 18:46:49 2022,ACCommand.html,Peter Shipton
Tue Jan 18 18:46:49 2022,AllClassesCommand.html,Peter Shipton
Tue Jan 18 18:46:49 2022,AnalyseRomClassUTF8Command.html,Peter Shipton
Tue Jan 18 18:46:49 2022,BuildFlagsCommand.html,Peter Shipton
Tue Jan 18 18:46:49 2022,ByteCodeDumper.html,Peter Shipton
Tue Jan 18 18:46:49 2022,BytecodesCommand.html,Peter Shipton
Tue Jan 18 18:46:49 2022,CPDescriptionCommand.html,Peter Shipton
Tue Jan 18 18:46:49 2022,ClassForNameCommand.html,Peter Shipton
Tue Jan 18 18:46:49 2022,ClassloadersSummaryCommand.ClassloadersSummaryNode.html,Peter Shipton
Tue Jan 18 18:46:49 2022,ClassloadersSummaryCommand.html,Peter Shipton
Tue Jan 18 18:46:49 2022,CompressedRefMappingCommand.html,Peter Shipton
Tue Jan 18 18:46:49 2022,CoreInfoCommand.html,Peter Shipton
Tue Jan 18 18:46:49 2022,DumpAllClassesInModuleCommand.html,Peter Shipton
Tue Jan 18 18:46:49 2022,DumpAllClassloadersCommand.html,Peter Shipton
Tue Jan 18 18:46:49 2022,DumpAllRamClassLinearCommand.html,Peter Shipton
Tue Jan 18 18:46:49 2022,DumpAllRegionsCommand.html,Peter Shipton
Tue Jan 18 18:46:49 2022,DumpAllRomClassLinearCommand.html,Peter Shipton
Tue Jan 18 18:46:49 2022,DumpAllSegmentsCommand.html,Peter Shipton
Tue Jan 18 18:46:49 2022,DumpContendedLoadTable.html,Peter Shipton
Tue Jan 18 18:46:49 2022,DumpModuleCommand.html,Peter Shipton
Tue Jan 18 18:46:49 2022,DumpModuleDirectedExportsCommand.html,Peter Shipton
Tue Jan 18 18:46:49 2022,DumpModuleExportsCommand.html,Peter Shipton
Tue Jan 18 18:46:49 2022,DumpModuleReadsCommand.html,Peter Shipton
Tue Jan 18 18:46:49 2022,DumpPackageCommand.html,Peter Shipton
Tue Jan 18 18:46:49 2022,DumpRamClassLinearCommand.html,Peter Shipton
Tue Jan 18 18:46:49 2022,DumpRomClassCommand.html,Peter Shipton
Tue Jan 18 18:46:49 2022,DumpRomClassLinearCommand.html,Peter Shipton
Tue Jan 18 18:46:49 2022,DumpRomMethodCommand.html,Peter Shipton
Tue Jan 18 18:46:49 2022,DumpSegmentsInListCommand.html,Peter Shipton
Tue Jan 18 18:46:49 2022,DumpSegregatedStatsCommand.html,Peter Shipton
Tue Jan 18 18:46:49 2022,DumpStringTableCommand.html,Peter Shipton
Tue Jan 18 18:46:49 2022,ExtendedMethodFlagInfoCommand.html,Peter Shipton
Tue Jan 18 18:46:49 2022,FindAllModulesCommand.html,Peter Shipton
Tue Jan 18 18:46:49 2022,FindAllReadsCommand.html,Peter Shipton
Tue Jan 18 18:46:49 2022,FindMethodFromPcCommand.html,Peter Shipton
Tue Jan 18 18:46:49 2022,FindModuleByNameCommand.html,Peter Shipton
Tue Jan 18 18:46:49 2022,FindModulesCommand.html,Peter Shipton
Tue Jan 18 18:46:49 2022,FindOverlappingSegmentsCommand.html,Peter Shipton
Tue Jan 18 18:46:49 2022,FindPatternCommand.html,Peter Shipton
Tue Jan 18 18:46:49 2022,FindStackValueCommand.html,Peter Shipton
Tue Jan 18 18:46:49 2022,FindVMCommand.html,Peter Shipton
Tue Jan 18 18:46:49 2022,FlatObjectCommand.html,Peter Shipton
Tue Jan 18 18:46:49 2022,GCCheckCommand.html,Peter Shipton
Tue Jan 18 18:46:49 2022,HashCodeCommand.html,Peter Shipton
Tue Jan 18 18:46:49 2022,ITableSizeCommand.html,Peter Shipton
Tue Jan 18 18:46:49 2022,J9BCUtil.html,Peter Shipton
Tue Jan 18 18:46:49 2022,J9ClassShapeCommand.html,Peter Shipton
Tue Jan 18 18:46:49 2022,J9MemTagCommands.html,Peter Shipton
Tue Jan 18 18:46:49 2022,J9StaticsCommand.html,Peter Shipton
Tue Jan 18 18:46:49 2022,J9VTablesCommand.html,Peter Shipton
Tue Jan 18 18:46:49 2022,JextractCommand.html,Peter Shipton
Tue Jan 18 18:46:49 2022,JitMetadataFromPcCommand.html,Peter Shipton
Tue Jan 18 18:46:49 2022,JitstackCommand.html,Peter Shipton
Tue Jan 18 18:46:49 2022,LocalMapCommand.html,Peter Shipton
Tue Jan 18 18:46:49 2022,MarkMapCommand.html,Peter Shipton
Tue Jan 18 18:46:49 2022,MethodForNameCommand.html,Peter Shipton
Tue Jan 18 18:46:49 2022,MonitorsCommand.html,Peter Shipton
Tue Jan 18 18:46:49 2022,NativeMemInfoCommand.html,Peter Shipton
Tue Jan 18 18:46:49 2022,ObjectRefsCommand.html,Peter Shipton
Tue Jan 18 18:46:49 2022,ObjectSizeInfo.html,Peter Shipton
Tue Jan 18 18:46:49 2022,QueryRomClassCommand.html,Peter Shipton
Tue Jan 18 18:46:49 2022,RamClassSummaryCommand.html,Peter Shipton
Tue Jan 18 18:46:49 2022,RomClassForNameCommand.html,Peter Shipton
Tue Jan 18 18:46:49 2022,RomClassSummaryCommand.html,Peter Shipton
Tue Jan 18 18:46:49 2022,RootPathCommand.html,Peter Shipton
Tue Jan 18 18:46:49 2022,RuntimeSettingsCommand.html,Peter Shipton
Tue Jan 18 18:46:49 2022,SearchStringTableCommand.html,Peter Shipton
Tue Jan 18 18:46:49 2022,SegmentsUtil.html,Peter Shipton
Tue Jan 18 18:46:49 2022,SetVMCommand.html,Peter Shipton
Tue Jan 18 18:46:49 2022,ShowDumpAgentsCommand.html,Peter Shipton
Tue Jan 18 18:46:49 2022,ShrCCommand.html,Peter Shipton
Tue Jan 18 18:46:49 2022,StackWalkCommand.html,Peter Shipton
Tue Jan 18 18:46:49 2022,StackmapCommand.html,Peter Shipton
Tue Jan 18 18:46:49 2022,TrPrintCommand.html,Peter Shipton
Tue Jan 18 18:46:49 2022,TraceConfigCommand.ModuleVisitor.html,Peter Shipton
Tue Jan 18 18:46:49 2022,TraceConfigCommand.html,Peter Shipton
Tue Jan 18 18:46:49 2022,VMConstantPoolCommand.html,Peter Shipton
Tue Jan 18 18:46:49 2022,ValidateTraceFreeQueueCommand.html,Peter Shipton
Tue Jan 18 18:46:49 2022,VmCheckCommand.html,Peter Shipton
Tue Jan 18 18:46:49 2022,WalkInternTableCommand.html,Peter Shipton
Tue Jan 18 18:46:49 2022,WalkJ9PoolCommand.html,Peter Shipton
Tue Jan 18 18:46:49 2022,WalkUtThreadDataCommand.html,Peter Shipton
Tue Jan 18 18:46:49 2022,WildCard.html,Peter Shipton
Tue Jan 18 18:46:49 2022,package-summary.html,Peter Shipton
Tue Jan 18 18:46:49 2022,package-tree.html,Peter Shipton
Tue Jan 18 18:46:49 2022,package-use.html,Peter Shipton
Tue Jan 18 18:46:49 2022,CheckBase.html,Peter Shipton
Tue Jan 18 18:46:49 2022,CheckElement.html,Peter Shipton
Tue Jan 18 18:46:49 2022,CheckError.html,Peter Shipton
Tue Jan 18 18:46:49 2022,CheckReporter.html,Peter Shipton
Tue Jan 18 18:46:49 2022,CheckReporterTTY.html,Peter Shipton
Tue Jan 18 18:46:49 2022,GCCheckRunner.html,Peter Shipton
Tue Jan 18 18:46:49 2022,CheckBase.html,Peter Shipton
Tue Jan 18 18:46:49 2022,CheckElement.html,Peter Shipton
Tue Jan 18 18:46:49 2022,CheckError.html,Peter Shipton
Tue Jan 18 18:46:49 2022,CheckReporter.html,Peter Shipton
Tue Jan 18 18:46:49 2022,CheckReporterTTY.html,Peter Shipton
Tue Jan 18 18:46:49 2022,GCCheckRunner.html,Peter Shipton
Tue Jan 18 18:46:49 2022,package-summary.html,Peter Shipton
Tue Jan 18 18:46:49 2022,package-tree.html,Peter Shipton
Tue Jan 18 18:46:49 2022,package-use.html,Peter Shipton
Tue Jan 18 18:46:49 2022,DeadlockDetector.html,Peter Shipton
Tue Jan 18 18:46:49 2022,DeadlockUtils.html,Peter Shipton
Tue Jan 18 18:46:49 2022,JavaDeadlockGraphNode.html,Peter Shipton
Tue Jan 18 18:46:49 2022,NativeDeadlockGraphNode.html,Peter Shipton
Tue Jan 18 18:46:49 2022,DeadlockDetector.html,Peter Shipton
Tue Jan 18 18:46:49 2022,DeadlockUtils.html,Peter Shipton
Tue Jan 18 18:46:49 2022,JavaDeadlockGraphNode.html,Peter Shipton
Tue Jan 18 18:46:49 2022,NativeDeadlockGraphNode.html,Peter Shipton
Tue Jan 18 18:46:49 2022,package-summary.html,Peter Shipton
Tue Jan 18 18:46:49 2022,package-tree.html,Peter Shipton
Tue Jan 18 18:46:49 2022,package-use.html,Peter Shipton
Tue Jan 18 18:46:49 2022,package-summary.html,Peter Shipton
Tue Jan 18 18:46:49 2022,package-tree.html,Peter Shipton
Tue Jan 18 18:46:49 2022,package-use.html,Peter Shipton
Tue Jan 18 18:46:49 2022,ArrayFormatter.html,Peter Shipton
Tue Jan 18 18:46:49 2022,BoolFormatter.html,Peter Shipton
Tue Jan 18 18:46:49 2022,DoubleFormatter.html,Peter Shipton
Tue Jan 18 18:46:49 2022,EnumFormatter.html,Peter Shipton
Tue Jan 18 18:46:49 2022,FloatFormatter.html,Peter Shipton
Tue Jan 18 18:46:49 2022,J9SRPFormatter.html,Peter Shipton
Tue Jan 18 18:46:49 2022,PointerFormatter.html,Peter Shipton
Tue Jan 18 18:46:49 2022,ScalarFormatter.html,Peter Shipton
Tue Jan 18 18:46:49 2022,StructureFormatter.html,Peter Shipton
Tue Jan 18 18:46:49 2022,StructurePointerFormatter.html,Peter Shipton
Tue Jan 18 18:46:49 2022,U64ScalarFormatter.html,Peter Shipton
Tue Jan 18 18:46:49 2022,VoidFormatter.html,Peter Shipton
Tue Jan 18 18:46:49 2022,ArrayFormatter.html,Peter Shipton
Tue Jan 18 18:46:49 2022,BoolFormatter.html,Peter Shipton
Tue Jan 18 18:46:49 2022,DoubleFormatter.html,Peter Shipton
Tue Jan 18 18:46:49 2022,EnumFormatter.html,Peter Shipton
Tue Jan 18 18:46:49 2022,FloatFormatter.html,Peter Shipton
Tue Jan 18 18:46:49 2022,J9SRPFormatter.html,Peter Shipton
Tue Jan 18 18:46:49 2022,PointerFormatter.html,Peter Shipton
Tue Jan 18 18:46:49 2022,ScalarFormatter.html,Peter Shipton
Tue Jan 18 18:46:49 2022,StructureFormatter.html,Peter Shipton
Tue Jan 18 18:46:49 2022,StructurePointerFormatter.html,Peter Shipton
Tue Jan 18 18:46:49 2022,U64ScalarFormatter.html,Peter Shipton
Tue Jan 18 18:46:49 2022,VoidFormatter.html,Peter Shipton
Tue Jan 18 18:46:49 2022,package-summary.html,Peter Shipton
Tue Jan 18 18:46:49 2022,package-tree.html,Peter Shipton
Tue Jan 18 18:46:49 2022,package-use.html,Peter Shipton
Tue Jan 18 18:46:49 2022,CStringFieldFormatter.html,Peter Shipton
Tue Jan 18 18:46:49 2022,J9ClassFieldFormatter.html,Peter Shipton
Tue Jan 18 18:46:49 2022,J9ClassStructureFormatter.html,Peter Shipton
Tue Jan 18 18:46:49 2022,J9ConstantPoolFieldFormatter.html,Peter Shipton
Tue Jan 18 18:46:49 2022,J9MethodFieldFormatter.html,Peter Shipton
Tue Jan 18 18:46:49 2022,J9MethodStructureFormatter.html,Peter Shipton
Tue Jan 18 18:46:49 2022,J9ModuleStructureFormatter.html,Peter Shipton
Tue Jan 18 18:46:49 2022,J9ObjectFieldFormatter.html,Peter Shipton
Tue Jan 18 18:46:49 2022,J9ObjectStructureFormatter.html,Peter Shipton
Tue Jan 18 18:46:49 2022,J9PackageStructureFormatter.html,Peter Shipton
Tue Jan 18 18:46:49 2022,J9ROMMethodStructureFormatter.html,Peter Shipton
Tue Jan 18 18:46:49 2022,CStringFieldFormatter.html,Peter Shipton
Tue Jan 18 18:46:49 2022,J9ClassFieldFormatter.html,Peter Shipton
Tue Jan 18 18:46:49 2022,J9ClassStructureFormatter.html,Peter Shipton
Tue Jan 18 18:46:49 2022,J9ConstantPoolFieldFormatter.html,Peter Shipton
Tue Jan 18 18:46:49 2022,J9MethodFieldFormatter.html,Peter Shipton
Tue Jan 18 18:46:49 2022,J9MethodStructureFormatter.html,Peter Shipton
Tue Jan 18 18:46:49 2022,J9ModuleStructureFormatter.html,Peter Shipton
Tue Jan 18 18:46:49 2022,J9ObjectFieldFormatter.html,Peter Shipton
Tue Jan 18 18:46:49 2022,J9ObjectStructureFormatter.html,Peter Shipton
Tue Jan 18 18:46:49 2022,J9PackageStructureFormatter.html,Peter Shipton
Tue Jan 18 18:46:49 2022,J9ROMMethodStructureFormatter.html,Peter Shipton
Tue Jan 18 18:46:49 2022,package-summary.html,Peter Shipton
Tue Jan 18 18:46:49 2022,package-tree.html,Peter Shipton
Tue Jan 18 18:46:49 2022,package-use.html,Peter Shipton
Tue Jan 18 18:46:49 2022,I16.html,Peter Shipton
Tue Jan 18 18:46:49 2022,I32.html,Peter Shipton
Tue Jan 18 18:46:49 2022,I64.html,Peter Shipton
Tue Jan 18 18:46:49 2022,I8.html,Peter Shipton
Tue Jan 18 18:46:49 2022,IDATA.html,Peter Shipton
Tue Jan 18 18:46:49 2022,IScalar.html,Peter Shipton
Tue Jan 18 18:46:49 2022,Scalar.html,Peter Shipton
Tue Jan 18 18:46:49 2022,U16.html,Peter Shipton
Tue Jan 18 18:46:49 2022,U32.html,Peter Shipton
Tue Jan 18 18:46:49 2022,U64.html,Peter Shipton
Tue Jan 18 18:46:49 2022,U8.html,Peter Shipton
Tue Jan 18 18:46:49 2022,UDATA.html,Peter Shipton
Tue Jan 18 18:46:49 2022,UScalar.html,Peter Shipton
Tue Jan 18 18:46:49 2022,Void.html,Peter Shipton
Tue Jan 18 18:46:49 2022,I16.html,Peter Shipton
Tue Jan 18 18:46:49 2022,I32.html,Peter Shipton
Tue Jan 18 18:46:49 2022,I64.html,Peter Shipton
Tue Jan 18 18:46:49 2022,I8.html,Peter Shipton
Tue Jan 18 18:46:49 2022,IDATA.html,Peter Shipton
Tue Jan 18 18:46:49 2022,IScalar.html,Peter Shipton
Tue Jan 18 18:46:49 2022,Scalar.html,Peter Shipton
Tue Jan 18 18:46:49 2022,U16.html,Peter Shipton
Tue Jan 18 18:46:49 2022,U32.html,Peter Shipton
Tue Jan 18 18:46:49 2022,U64.html,Peter Shipton
Tue Jan 18 18:46:49 2022,U8.html,Peter Shipton
Tue Jan 18 18:46:49 2022,UDATA.html,Peter Shipton
Tue Jan 18 18:46:49 2022,UScalar.html,Peter Shipton
Tue Jan 18 18:46:49 2022,Void.html,Peter Shipton
Tue Jan 18 18:46:49 2022,package-summary.html,Peter Shipton
Tue Jan 18 18:46:49 2022,package-tree.html,Peter Shipton
Tue Jan 18 18:46:49 2022,package-use.html,Peter Shipton
Tue Jan 18 18:46:49 2022,DTFJBootstrapShim.html,Peter Shipton
Tue Jan 18 18:46:49 2022,DTFJContext.html,Peter Shipton
Tue Jan 18 18:46:49 2022,J9RASInfoBootstrapShim.html,Peter Shipton
Tue Jan 18 18:46:49 2022,DTFJBootstrapShim.html,Peter Shipton
Tue Jan 18 18:46:49 2022,DTFJContext.html,Peter Shipton
Tue Jan 18 18:46:49 2022,J9RASInfoBootstrapShim.html,Peter Shipton
Tue Jan 18 18:46:49 2022,DTFJGenericJavaRuntimeMemorySection.html,Peter Shipton
Tue Jan 18 18:46:49 2022,DTFJJavaClass.html,Peter Shipton
Tue Jan 18 18:46:49 2022,DTFJJavaClassloader.html,Peter Shipton
Tue Jan 18 18:46:49 2022,DTFJJavaField.html,Peter Shipton
Tue Jan 18 18:46:49 2022,DTFJJavaFieldInstance.html,Peter Shipton
Tue Jan 18 18:46:49 2022,DTFJJavaFieldStatic.html,Peter Shipton
Tue Jan 18 18:46:49 2022,DTFJJavaHeap.html,Peter Shipton
Tue Jan 18 18:46:49 2022,DTFJJavaMethod.html,Peter Shipton
Tue Jan 18 18:46:49 2022,DTFJJavaObject.html,Peter Shipton
Tue Jan 18 18:46:49 2022,DTFJJavaObjectMonitor.html,Peter Shipton
Tue Jan 18 18:46:49 2022,DTFJJavaReference.html,Peter Shipton
Tue Jan 18 18:46:49 2022,DTFJJavaRuntime.DTFJRootScanner.html,Peter Shipton
Tue Jan 18 18:46:49 2022,DTFJJavaRuntime.html,Peter Shipton
Tue Jan 18 18:46:49 2022,DTFJJavaRuntimeMemoryCategory.html,Peter Shipton
Tue Jan 18 18:46:49 2022,DTFJJavaRuntimeMemorySectionBase.html,Peter Shipton
Tue Jan 18 18:46:49 2022,DTFJJavaStackFrame.html,Peter Shipton
Tue Jan 18 18:46:49 2022,DTFJJavaSystemMonitor.html,Peter Shipton
Tue Jan 18 18:46:49 2022,DTFJJavaThread.html,Peter Shipton
Tue Jan 18 18:46:49 2022,DTFJJavaVMInitArgs.html,Peter Shipton
Tue Jan 18 18:46:49 2022,DTFJJavaVMOption.html,Peter Shipton
Tue Jan 18 18:46:49 2022,DTFJMemoryTagRuntimeMemorySection.html,Peter Shipton
Tue Jan 18 18:46:49 2022,DTFJGenericJavaRuntimeMemorySection.html,Peter Shipton
Tue Jan 18 18:46:49 2022,DTFJJavaClass.html,Peter Shipton
Tue Jan 18 18:46:49 2022,DTFJJavaClassloader.html,Peter Shipton
Tue Jan 18 18:46:49 2022,DTFJJavaField.html,Peter Shipton
Tue Jan 18 18:46:49 2022,DTFJJavaFieldInstance.html,Peter Shipton
Tue Jan 18 18:46:49 2022,DTFJJavaFieldStatic.html,Peter Shipton
Tue Jan 18 18:46:49 2022,DTFJJavaHeap.html,Peter Shipton
Tue Jan 18 18:46:49 2022,DTFJJavaMethod.html,Peter Shipton
Tue Jan 18 18:46:49 2022,DTFJJavaObject.html,Peter Shipton
Tue Jan 18 18:46:49 2022,DTFJJavaObjectMonitor.html,Peter Shipton
Tue Jan 18 18:46:49 2022,DTFJJavaReference.html,Peter Shipton
Tue Jan 18 18:46:49 2022,DTFJJavaRuntime.DTFJRootScanner.html,Peter Shipton
Tue Jan 18 18:46:49 2022,DTFJJavaRuntime.html,Peter Shipton
Tue Jan 18 18:46:49 2022,DTFJJavaRuntimeMemoryCategory.html,Peter Shipton
Tue Jan 18 18:46:49 2022,DTFJJavaRuntimeMemorySectionBase.html,Peter Shipton
Tue Jan 18 18:46:49 2022,DTFJJavaStackFrame.html,Peter Shipton
Tue Jan 18 18:46:49 2022,DTFJJavaSystemMonitor.html,Peter Shipton
Tue Jan 18 18:46:49 2022,DTFJJavaThread.html,Peter Shipton
Tue Jan 18 18:46:49 2022,DTFJJavaVMInitArgs.html,Peter Shipton
Tue Jan 18 18:46:49 2022,DTFJJavaVMOption.html,Peter Shipton
Tue Jan 18 18:46:49 2022,DTFJMemoryTagRuntimeMemorySection.html,Peter Shipton
Tue Jan 18 18:46:49 2022,AddCorruptionToListListener.html,Peter Shipton
Tue Jan 18 18:46:49 2022,CorruptJavaObject.html,Peter Shipton
Tue Jan 18 18:46:49 2022,AddCorruptionToListListener.html,Peter Shipton
Tue Jan 18 18:46:49 2022,CorruptJavaObject.html,Peter Shipton
Tue Jan 18 18:46:49 2022,package-summary.html,Peter Shipton
Tue Jan 18 18:46:49 2022,package-tree.html,Peter Shipton
Tue Jan 18 18:46:49 2022,package-use.html,Peter Shipton
Tue Jan 18 18:46:49 2022,DTFJConstantPoolIterator.html,Peter Shipton
Tue Jan 18 18:46:49 2022,DTFJMonitorIterator.html,Peter Shipton
Tue Jan 18 18:46:49 2022,HeapObjectIterator.html,Peter Shipton
Tue Jan 18 18:46:49 2022,SlidingIterator.html,Peter Shipton
Tue Jan 18 18:46:49 2022,DTFJConstantPoolIterator.html,Peter Shipton
Tue Jan 18 18:46:49 2022,DTFJMonitorIterator.html,Peter Shipton
Tue Jan 18 18:46:49 2022,HeapObjectIterator.html,Peter Shipton
Tue Jan 18 18:46:49 2022,SlidingIterator.html,Peter Shipton
Tue Jan 18 18:46:49 2022,package-summary.html,Peter Shipton
Tue Jan 18 18:46:49 2022,package-tree.html,Peter Shipton
Tue Jan 18 18:46:49 2022,package-use.html,Peter Shipton
Tue Jan 18 18:46:49 2022,package-summary.html,Peter Shipton
Tue Jan 18 18:46:49 2022,package-tree.html,Peter Shipton
Tue Jan 18 18:46:49 2022,package-use.html,Peter Shipton
Tue Jan 18 18:46:49 2022,package-summary.html,Peter Shipton
Tue Jan 18 18:46:49 2022,package-tree.html,Peter Shipton
Tue Jan 18 18:46:49 2022,package-use.html,Peter Shipton
Tue Jan 18 18:46:49 2022,Context.html,Peter Shipton
Tue Jan 18 18:46:49 2022,ContextFactory.html,Peter Shipton
Tue Jan 18 18:46:49 2022,DTFJContext.html,Peter Shipton
Tue Jan 18 18:46:49 2022,DTFJImageBean.html,Peter Shipton
Tue Jan 18 18:46:49 2022,EmptyDTFJContext.html,Peter Shipton
Tue Jan 18 18:46:49 2022,IContext.html,Peter Shipton
Tue Jan 18 18:46:49 2022,IDTFJContext.html,Peter Shipton
Tue Jan 18 18:46:49 2022,Context.html,Peter Shipton
Tue Jan 18 18:46:49 2022,ContextFactory.html,Peter Shipton
Tue Jan 18 18:46:49 2022,DTFJContext.html,Peter Shipton
Tue Jan 18 18:46:49 2022,DTFJImageBean.html,Peter Shipton
Tue Jan 18 18:46:49 2022,EmptyDTFJContext.html,Peter Shipton
Tue Jan 18 18:46:49 2022,IContext.html,Peter Shipton
Tue Jan 18 18:46:49 2022,IDTFJContext.html,Peter Shipton
Tue Jan 18 18:46:49 2022,BaseCommand.html,Peter Shipton
Tue Jan 18 18:46:49 2022,CommandDescription.html,Peter Shipton
Tue Jan 18 18:46:49 2022,CommandException.html,Peter Shipton
Tue Jan 18 18:46:49 2022,CommandParser.html,Peter Shipton
Tue Jan 18 18:46:49 2022,ICommand.html,Peter Shipton
Tue Jan 18 18:46:49 2022,PluginCommand.html,Peter Shipton
Tue Jan 18 18:46:49 2022,QuitCommand.html,Peter Shipton
Tue Jan 18 18:46:49 2022,BaseCommand.html,Peter Shipton
Tue Jan 18 18:46:49 2022,CommandDescription.html,Peter Shipton
Tue Jan 18 18:46:49 2022,CommandException.html,Peter Shipton
Tue Jan 18 18:46:49 2022,CommandParser.html,Peter Shipton
Tue Jan 18 18:46:49 2022,ICommand.html,Peter Shipton
Tue Jan 18 18:46:49 2022,PluginCommand.html,Peter Shipton
Tue Jan 18 18:46:49 2022,QuitCommand.html,Peter Shipton
Tue Jan 18 18:46:49 2022,package-summary.html,Peter Shipton
Tue Jan 18 18:46:49 2022,package-tree.html,Peter Shipton
Tue Jan 18 18:46:49 2022,package-use.html,Peter Shipton
Tue Jan 18 18:46:49 2022,package-summary.html,Peter Shipton
Tue Jan 18 18:46:49 2022,package-tree.html,Peter Shipton
Tue Jan 18 18:46:49 2022,package-use.html,Peter Shipton
Tue Jan 18 18:46:49 2022,Annotation.html,Peter Shipton
Tue Jan 18 18:46:49 2022,ClassInfo.html,Peter Shipton
Tue Jan 18 18:46:49 2022,ClassListener.html,Peter Shipton
Tue Jan 18 18:46:49 2022,Container.html,Peter Shipton
Tue Jan 18 18:46:49 2022,DTFJPlugin.html,Peter Shipton
Tue Jan 18 18:46:49 2022,DTFJPluginConfig.html,Peter Shipton
Tue Jan 18 18:46:49 2022,DTFJPluginManager.html,Peter Shipton
Tue Jan 18 18:46:49 2022,Entry.html,Peter Shipton
Tue Jan 18 18:46:49 2022,LocalPriorityClassloader.html,Peter Shipton
Tue Jan 18 18:46:49 2022,PackageFilteredClassloader.html,Peter Shipton
Tue Jan 18 18:46:49 2022,PluginConfig.html,Peter Shipton
Tue Jan 18 18:46:49 2022,PluginConstants.html,Peter Shipton
Tue Jan 18 18:46:49 2022,PluginListenerFactory.html,Peter Shipton
Tue Jan 18 18:46:49 2022,PluginLoader.html,Peter Shipton
Tue Jan 18 18:46:49 2022,PluginManager.html,Peter Shipton
Tue Jan 18 18:46:49 2022,PluginManagerLocator.html,Peter Shipton
Tue Jan 18 18:46:49 2022,Annotation.html,Peter Shipton
Tue Jan 18 18:46:49 2022,ClassInfo.html,Peter Shipton
Tue Jan 18 18:46:49 2022,ClassListener.html,Peter Shipton
Tue Jan 18 18:46:49 2022,Container.html,Peter Shipton
Tue Jan 18 18:46:49 2022,DTFJPlugin.html,Peter Shipton
Tue Jan 18 18:46:49 2022,DTFJPluginConfig.html,Peter Shipton
Tue Jan 18 18:46:49 2022,DTFJPluginManager.html,Peter Shipton
Tue Jan 18 18:46:49 2022,Entry.html,Peter Shipton
Tue Jan 18 18:46:49 2022,LocalPriorityClassloader.html,Peter Shipton
Tue Jan 18 18:46:49 2022,PackageFilteredClassloader.html,Peter Shipton
Tue Jan 18 18:46:49 2022,PluginConfig.html,Peter Shipton
Tue Jan 18 18:46:49 2022,PluginConstants.html,Peter Shipton
Tue Jan 18 18:46:49 2022,PluginListenerFactory.html,Peter Shipton
Tue Jan 18 18:46:49 2022,PluginLoader.html,Peter Shipton
Tue Jan 18 18:46:49 2022,PluginManager.html,Peter Shipton
Tue Jan 18 18:46:49 2022,PluginManagerLocator.html,Peter Shipton
Tue Jan 18 18:46:49 2022,ClassScanner.html,Peter Shipton
Tue Jan 18 18:46:49 2022,PluginManagerImpl.html,Peter Shipton
Tue Jan 18 18:46:49 2022,ClassScanner.html,Peter Shipton
Tue Jan 18 18:46:49 2022,PluginManagerImpl.html,Peter Shipton
Tue Jan 18 18:46:49 2022,package-summary.html,Peter Shipton
Tue Jan 18 18:46:49 2022,package-tree.html,Peter Shipton
Tue Jan 18 18:46:49 2022,package-use.html,Peter Shipton
Tue Jan 18 18:46:49 2022,package-summary.html,Peter Shipton
Tue Jan 18 18:46:49 2022,package-tree.html,Peter Shipton
Tue Jan 18 18:46:49 2022,package-use.html,Peter Shipton
Tue Jan 18 18:46:49 2022,JExtractFatalException.html,Peter Shipton
Tue Jan 18 18:46:49 2022,Main.html,Peter Shipton
Tue Jan 18 18:46:49 2022,JExtractFatalException.html,Peter Shipton
Tue Jan 18 18:46:49 2022,Main.html,Peter Shipton
Tue Jan 18 18:46:49 2022,package-summary.html,Peter Shipton
Tue Jan 18 18:46:49 2022,package-tree.html,Peter Shipton
Tue Jan 18 18:46:49 2022,package-use.html,Peter Shipton
Tue Jan 18 18:46:49 2022,IParserNode.html,Peter Shipton
Tue Jan 18 18:46:49 2022,NodeAbstract.html,Peter Shipton
Tue Jan 18 18:46:49 2022,NodeArrayClass.html,Peter Shipton
Tue Jan 18 18:46:49 2022,NodeBuffers.html,Peter Shipton
Tue Jan 18 18:46:49 2022,NodeByteCode.html,Peter Shipton
Tue Jan 18 18:46:49 2022,NodeClassInClassLoader.html,Peter Shipton
Tue Jan 18 18:46:49 2022,NodeClassInConstantPool.html,Peter Shipton
Tue Jan 18 18:46:49 2022,NodeClassInVM.html,Peter Shipton
Tue Jan 18 18:46:49 2022,NodeClassLoader.html,Peter Shipton
Tue Jan 18 18:46:49 2022,NodeConstantPool.html,Peter Shipton
Tue Jan 18 18:46:49 2022,NodeError.html,Peter Shipton
Tue Jan 18 18:46:49 2022,NodeField.html,Peter Shipton
Tue Jan 18 18:46:49 2022,NodeFrame.html,Peter Shipton
Tue Jan 18 18:46:49 2022,NodeGPF.html,Peter Shipton
Tue Jan 18 18:46:49 2022,NodeHeader.html,Peter Shipton
Tue Jan 18 18:46:49 2022,NodeHeap.html,Peter Shipton
Tue Jan 18 18:46:49 2022,NodeIP.html,Peter Shipton
Tue Jan 18 18:46:49 2022,NodeInterface.html,Peter Shipton
Tue Jan 18 18:46:49 2022,NodeJ9Dump.html,Peter Shipton
Tue Jan 18 18:46:49 2022,NodeJIT.html,Peter Shipton
Tue Jan 18 18:46:49 2022,NodeJavaVM.html,Peter Shipton
Tue Jan 18 18:46:49 2022,NodeJavaVMInitArgs.html,Peter Shipton
Tue Jan 18 18:46:49 2022,NodeJavaVMOption.html,Peter Shipton
Tue Jan 18 18:46:49 2022,NodeLibrary.html,Peter Shipton
Tue Jan 18 18:46:49 2022,NodeMethod.html,Peter Shipton
Tue Jan 18 18:46:49 2022,NodeMonitor.html,Peter Shipton
Tue Jan 18 18:46:49 2022,NodeNet.html,Peter Shipton
Tue Jan 18 18:46:49 2022,NodeObject.html,Peter Shipton
Tue Jan 18 18:46:49 2022,NodeObjects.html,Peter Shipton
Tue Jan 18 18:46:49 2022,NodeProperty.html,Peter Shipton
Tue Jan 18 18:46:49 2022,NodeRegion.html,Peter Shipton
Tue Jan 18 18:46:49 2022,NodeRoot.html,Peter Shipton
Tue Jan 18 18:46:49 2022,NodeRootClass.html,Peter Shipton
Tue Jan 18 18:46:49 2022,NodeRootObject.html,Peter Shipton
Tue Jan 18 18:46:49 2022,NodeStack.html,Peter Shipton
Tue Jan 18 18:46:49 2022,NodeStatic.html,Peter Shipton
Tue Jan 18 18:46:49 2022,NodeSystemProperties.html,Peter Shipton
Tue Jan 18 18:46:49 2022,NodeTrace.html,Peter Shipton
Tue Jan 18 18:46:49 2022,NodeUnexpectedTag.html,Peter Shipton
Tue Jan 18 18:46:49 2022,NodeVMThread.html,Peter Shipton
Tue Jan 18 18:46:49 2022,XMLIndexReader.html,Peter Shipton
Tue Jan 18 18:46:49 2022,XMLInputStream.html,Peter Shipton
Tue Jan 18 18:46:49 2022,IParserNode.html,Peter Shipton
Tue Jan 18 18:46:49 2022,NodeAbstract.html,Peter Shipton
Tue Jan 18 18:46:49 2022,NodeArrayClass.html,Peter Shipton
Tue Jan 18 18:46:49 2022,NodeBuffers.html,Peter Shipton
Tue Jan 18 18:46:49 2022,NodeByteCode.html,Peter Shipton
Tue Jan 18 18:46:49 2022,NodeClassInClassLoader.html,Peter Shipton
Tue Jan 18 18:46:49 2022,NodeClassInConstantPool.html,Peter Shipton
Tue Jan 18 18:46:49 2022,NodeClassInVM.html,Peter Shipton
Tue Jan 18 18:46:49 2022,NodeClassLoader.html,Peter Shipton
Tue Jan 18 18:46:49 2022,NodeConstantPool.html,Peter Shipton
Tue Jan 18 18:46:49 2022,NodeError.html,Peter Shipton
Tue Jan 18 18:46:49 2022,NodeField.html,Peter Shipton
Tue Jan 18 18:46:49 2022,NodeFrame.html,Peter Shipton
Tue Jan 18 18:46:49 2022,NodeGPF.html,Peter Shipton
Tue Jan 18 18:46:49 2022,NodeHeader.html,Peter Shipton
Tue Jan 18 18:46:49 2022,NodeHeap.html,Peter Shipton
Tue Jan 18 18:46:49 2022,NodeIP.html,Peter Shipton
Tue Jan 18 18:46:49 2022,NodeInterface.html,Peter Shipton
Tue Jan 18 18:46:49 2022,NodeJ9Dump.html,Peter Shipton
Tue Jan 18 18:46:49 2022,NodeJIT.html,Peter Shipton
Tue Jan 18 18:46:49 2022,NodeJavaVM.html,Peter Shipton
Tue Jan 18 18:46:49 2022,NodeJavaVMInitArgs.html,Peter Shipton
Tue Jan 18 18:46:49 2022,NodeJavaVMOption.html,Peter Shipton
Tue Jan 18 18:46:49 2022,NodeLibrary.html,Peter Shipton
Tue Jan 18 18:46:49 2022,NodeMethod.html,Peter Shipton
Tue Jan 18 18:46:49 2022,NodeMonitor.html,Peter Shipton
Tue Jan 18 18:46:49 2022,NodeNet.html,Peter Shipton
Tue Jan 18 18:46:49 2022,NodeObject.html,Peter Shipton
Tue Jan 18 18:46:49 2022,NodeObjects.html,Peter Shipton
Tue Jan 18 18:46:49 2022,NodeProperty.html,Peter Shipton
Tue Jan 18 18:46:49 2022,NodeRegion.html,Peter Shipton
Tue Jan 18 18:46:49 2022,NodeRoot.html,Peter Shipton
Tue Jan 18 18:46:49 2022,NodeRootClass.html,Peter Shipton
Tue Jan 18 18:46:49 2022,NodeRootObject.html,Peter Shipton
Tue Jan 18 18:46:49 2022,NodeStack.html,Peter Shipton
Tue Jan 18 18:46:49 2022,NodeStatic.html,Peter Shipton
Tue Jan 18 18:46:49 2022,NodeSystemProperties.html,Peter Shipton
Tue Jan 18 18:46:49 2022,NodeTrace.html,Peter Shipton
Tue Jan 18 18:46:49 2022,NodeUnexpectedTag.html,Peter Shipton
Tue Jan 18 18:46:49 2022,NodeVMThread.html,Peter Shipton
Tue Jan 18 18:46:49 2022,XMLIndexReader.html,Peter Shipton
Tue Jan 18 18:46:49 2022,XMLInputStream.html,Peter Shipton
Tue Jan 18 18:46:49 2022,package-summary.html,Peter Shipton
Tue Jan 18 18:46:49 2022,package-tree.html,Peter Shipton
Tue Jan 18 18:46:49 2022,package-use.html,Peter Shipton
Tue Jan 18 18:46:49 2022,module-summary.html,Peter Shipton
Tue Jan 18 18:46:49 2022,CombinedContext.html,Peter Shipton
Tue Jan 18 18:46:49 2022,ConsoleOutputChannel.html,Peter Shipton
Tue Jan 18 18:46:49 2022,DTFJView.html,Peter Shipton
Tue Jan 18 18:46:49 2022,ExitCodes.html,Peter Shipton
Tue Jan 18 18:46:49 2022,FileOutputChannel.html,Peter Shipton
Tue Jan 18 18:46:49 2022,JdmpviewContextManager.html,Peter Shipton
Tue Jan 18 18:46:49 2022,JdmpviewInitException.html,Peter Shipton
Tue Jan 18 18:46:49 2022,JdmpviewPrintStream.html,Peter Shipton
Tue Jan 18 18:46:49 2022,Output.html,Peter Shipton
Tue Jan 18 18:46:49 2022,OutputChannelRedirector.html,Peter Shipton
Tue Jan 18 18:46:49 2022,Session.html,Peter Shipton
Tue Jan 18 18:46:49 2022,SessionProperties.html,Peter Shipton
Tue Jan 18 18:46:49 2022,SystemProperties.html,Peter Shipton
Tue Jan 18 18:46:49 2022,Version.html,Peter Shipton
Tue Jan 18 18:46:49 2022,CombinedContext.html,Peter Shipton
Tue Jan 18 18:46:49 2022,ConsoleOutputChannel.html,Peter Shipton
Tue Jan 18 18:46:49 2022,DTFJView.html,Peter Shipton
Tue Jan 18 18:46:49 2022,ExitCodes.html,Peter Shipton
Tue Jan 18 18:46:49 2022,FileOutputChannel.html,Peter Shipton
Tue Jan 18 18:46:49 2022,JdmpviewContextManager.html,Peter Shipton
Tue Jan 18 18:46:49 2022,JdmpviewInitException.html,Peter Shipton
Tue Jan 18 18:46:49 2022,JdmpviewPrintStream.html,Peter Shipton
Tue Jan 18 18:46:49 2022,Output.html,Peter Shipton
Tue Jan 18 18:46:49 2022,OutputChannelRedirector.html,Peter Shipton
Tue Jan 18 18:46:49 2022,Session.html,Peter Shipton
Tue Jan 18 18:46:49 2022,SessionProperties.html,Peter Shipton
Tue Jan 18 18:46:49 2022,SystemProperties.html,Peter Shipton
Tue Jan 18 18:46:49 2022,Version.html,Peter Shipton
Tue Jan 18 18:46:49 2022,BaseJdmpviewCommand.ArtifactType.html,Peter Shipton
Tue Jan 18 18:46:49 2022,BaseJdmpviewCommand.html,Peter Shipton
Tue Jan 18 18:46:49 2022,CdCommand.html,Peter Shipton
Tue Jan 18 18:46:49 2022,CloseCommand.html,Peter Shipton
Tue Jan 18 18:46:49 2022,DeadlockCommand.html,Peter Shipton
Tue Jan 18 18:46:49 2022,ExceptionHandler.html,Peter Shipton
Tue Jan 18 18:46:49 2022,FindCommand.html,Peter Shipton
Tue Jan 18 18:46:49 2022,FindNextCommand.html,Peter Shipton
Tue Jan 18 18:46:49 2022,FindPtrCommand.html,Peter Shipton
Tue Jan 18 18:46:49 2022,HeapdumpCommand.html,Peter Shipton
Tue Jan 18 18:46:49 2022,HelpCommand.html,Peter Shipton
Tue Jan 18 18:46:49 2022,HexdumpCommand.html,Peter Shipton
Tue Jan 18 18:46:49 2022,LogCommand.html,Peter Shipton
Tue Jan 18 18:46:49 2022,OpenCommand.html,Peter Shipton
Tue Jan 18 18:46:49 2022,PwdCommand.html,Peter Shipton
Tue Jan 18 18:46:49 2022,ScrollCommand.html,Peter Shipton
Tue Jan 18 18:46:49 2022,SimpleRedirectorCommand.html,Peter Shipton
Tue Jan 18 18:46:49 2022,WhatisCommand.html,Peter Shipton
Tue Jan 18 18:46:49 2022,BaseJdmpviewCommand.ArtifactType.html,Peter Shipton
Tue Jan 18 18:46:49 2022,BaseJdmpviewCommand.html,Peter Shipton
Tue Jan 18 18:46:49 2022,CdCommand.html,Peter Shipton
Tue Jan 18 18:46:49 2022,CloseCommand.html,Peter Shipton
Tue Jan 18 18:46:49 2022,DeadlockCommand.html,Peter Shipton
Tue Jan 18 18:46:49 2022,ExceptionHandler.html,Peter Shipton
Tue Jan 18 18:46:49 2022,FindCommand.html,Peter Shipton
Tue Jan 18 18:46:49 2022,FindNextCommand.html,Peter Shipton
Tue Jan 18 18:46:49 2022,FindPtrCommand.html,Peter Shipton
Tue Jan 18 18:46:49 2022,HeapdumpCommand.html,Peter Shipton
Tue Jan 18 18:46:49 2022,HelpCommand.html,Peter Shipton
Tue Jan 18 18:46:49 2022,HexdumpCommand.html,Peter Shipton
Tue Jan 18 18:46:49 2022,LogCommand.html,Peter Shipton
Tue Jan 18 18:46:49 2022,OpenCommand.html,Peter Shipton
Tue Jan 18 18:46:49 2022,PwdCommand.html,Peter Shipton
Tue Jan 18 18:46:49 2022,ScrollCommand.html,Peter Shipton
Tue Jan 18 18:46:49 2022,SimpleRedirectorCommand.html,Peter Shipton
Tue Jan 18 18:46:49 2022,WhatisCommand.html,Peter Shipton
Tue Jan 18 18:46:49 2022,ClassOutput.html,Peter Shipton
Tue Jan 18 18:46:49 2022,Exceptions.html,Peter Shipton
Tue Jan 18 18:46:49 2022,JUCMonitorNode.html,Peter Shipton
Tue Jan 18 18:46:49 2022,MonitorNode.html,Peter Shipton
Tue Jan 18 18:46:49 2022,MonitorState.html,Peter Shipton
Tue Jan 18 18:46:49 2022,NodeList.html,Peter Shipton
Tue Jan 18 18:46:49 2022,StateToString.html,Peter Shipton
Tue Jan 18 18:46:49 2022,ThreadData.html,Peter Shipton
Tue Jan 18 18:46:49 2022,Utils.html,Peter Shipton
Tue Jan 18 18:46:49 2022,ClassOutput.html,Peter Shipton
Tue Jan 18 18:46:49 2022,Exceptions.html,Peter Shipton
Tue Jan 18 18:46:49 2022,JUCMonitorNode.html,Peter Shipton
Tue Jan 18 18:46:49 2022,MonitorNode.html,Peter Shipton
Tue Jan 18 18:46:49 2022,MonitorState.html,Peter Shipton
Tue Jan 18 18:46:49 2022,NodeList.html,Peter Shipton
Tue Jan 18 18:46:49 2022,StateToString.html,Peter Shipton
Tue Jan 18 18:46:49 2022,ThreadData.html,Peter Shipton
Tue Jan 18 18:46:49 2022,Utils.html,Peter Shipton
Tue Jan 18 18:46:49 2022,package-summary.html,Peter Shipton
Tue Jan 18 18:46:49 2022,package-tree.html,Peter Shipton
Tue Jan 18 18:46:49 2022,package-use.html,Peter Shipton
Tue Jan 18 18:46:49 2022,InfoClassCommand.ClassStatistics.html,Peter Shipton
Tue Jan 18 18:46:49 2022,InfoClassCommand.html,Peter Shipton
Tue Jan 18 18:46:49 2022,InfoCommand.html,Peter Shipton
Tue Jan 18 18:46:49 2022,InfoHeapCommand.html,Peter Shipton
Tue Jan 18 18:46:49 2022,InfoJitmCommand.html,Peter Shipton
Tue Jan 18 18:46:49 2022,InfoLockCommand.html,Peter Shipton
Tue Jan 18 18:46:49 2022,InfoMemoryCommand.html,Peter Shipton
Tue Jan 18 18:46:49 2022,InfoMmapCommand.html,Peter Shipton
Tue Jan 18 18:46:49 2022,InfoProcCommand.html,Peter Shipton
Tue Jan 18 18:46:49 2022,InfoSymCommand.html,Peter Shipton
Tue Jan 18 18:46:49 2022,InfoSystemCommand.html,Peter Shipton
Tue Jan 18 18:46:49 2022,InfoThreadCommand.html,Peter Shipton
Tue Jan 18 18:46:49 2022,InfoClassCommand.ClassStatistics.html,Peter Shipton
Tue Jan 18 18:46:49 2022,InfoClassCommand.html,Peter Shipton
Tue Jan 18 18:46:49 2022,InfoCommand.html,Peter Shipton
Tue Jan 18 18:46:49 2022,InfoHeapCommand.html,Peter Shipton
Tue Jan 18 18:46:49 2022,InfoJitmCommand.html,Peter Shipton
Tue Jan 18 18:46:49 2022,InfoLockCommand.html,Peter Shipton
Tue Jan 18 18:46:49 2022,InfoMemoryCommand.html,Peter Shipton
Tue Jan 18 18:46:49 2022,InfoMmapCommand.html,Peter Shipton
Tue Jan 18 18:46:49 2022,InfoProcCommand.html,Peter Shipton
Tue Jan 18 18:46:49 2022,InfoSymCommand.html,Peter Shipton
Tue Jan 18 18:46:49 2022,InfoSystemCommand.html,Peter Shipton
Tue Jan 18 18:46:49 2022,InfoThreadCommand.html,Peter Shipton
Tue Jan 18 18:46:49 2022,package-summary.html,Peter Shipton
Tue Jan 18 18:46:49 2022,package-tree.html,Peter Shipton
Tue Jan 18 18:46:49 2022,package-use.html,Peter Shipton
Tue Jan 18 18:46:49 2022,package-summary.html,Peter Shipton
Tue Jan 18 18:46:49 2022,package-tree.html,Peter Shipton
Tue Jan 18 18:46:49 2022,package-use.html,Peter Shipton
Tue Jan 18 18:46:49 2022,SetCommand.html,Peter Shipton
Tue Jan 18 18:46:49 2022,SetHeapdumpCommand.html,Peter Shipton
Tue Jan 18 18:46:49 2022,SetLoggingCommand.html,Peter Shipton
Tue Jan 18 18:46:49 2022,SetCommand.html,Peter Shipton
Tue Jan 18 18:46:49 2022,SetHeapdumpCommand.html,Peter Shipton
Tue Jan 18 18:46:49 2022,SetLoggingCommand.html,Peter Shipton
Tue Jan 18 18:46:49 2022,package-summary.html,Peter Shipton
Tue Jan 18 18:46:49 2022,package-tree.html,Peter Shipton
Tue Jan 18 18:46:49 2022,package-use.html,Peter Shipton
Tue Jan 18 18:46:49 2022,ShowCommand.html,Peter Shipton
Tue Jan 18 18:46:49 2022,ShowHeapdumpCommand.html,Peter Shipton
Tue Jan 18 18:46:49 2022,ShowLoggingCommand.html,Peter Shipton
Tue Jan 18 18:46:49 2022,ShowCommand.html,Peter Shipton
Tue Jan 18 18:46:49 2022,ShowHeapdumpCommand.html,Peter Shipton
Tue Jan 18 18:46:49 2022,ShowLoggingCommand.html,Peter Shipton
Tue Jan 18 18:46:49 2022,package-summary.html,Peter Shipton
Tue Jan 18 18:46:49 2022,package-tree.html,Peter Shipton
Tue Jan 18 18:46:49 2022,package-use.html,Peter Shipton
Tue Jan 18 18:46:49 2022,XCommand.html,Peter Shipton
Tue Jan 18 18:46:49 2022,XDCommand.html,Peter Shipton
Tue Jan 18 18:46:49 2022,XJCommand.html,Peter Shipton
Tue Jan 18 18:46:49 2022,XKCommand.html,Peter Shipton
Tue Jan 18 18:46:49 2022,XXCommand.html,Peter Shipton
Tue Jan 18 18:46:49 2022,XCommand.html,Peter Shipton
Tue Jan 18 18:46:49 2022,XDCommand.html,Peter Shipton
Tue Jan 18 18:46:49 2022,XJCommand.html,Peter Shipton
Tue Jan 18 18:46:49 2022,XKCommand.html,Peter Shipton
Tue Jan 18 18:46:49 2022,XXCommand.html,Peter Shipton
Tue Jan 18 18:46:49 2022,package-summary.html,Peter Shipton
Tue Jan 18 18:46:49 2022,package-tree.html,Peter Shipton
Tue Jan 18 18:46:49 2022,package-use.html,Peter Shipton
Tue Jan 18 18:46:49 2022,HeapDumpFormatter.html,Peter Shipton
Tue Jan 18 18:46:49 2022,HeapDumpSettings.html,Peter Shipton
Tue Jan 18 18:46:49 2022,LongArrayReferenceIterator.html,Peter Shipton
Tue Jan 18 18:46:49 2022,LongListReferenceIterator.html,Peter Shipton
Tue Jan 18 18:46:49 2022,ReferenceIterator.html,Peter Shipton
Tue Jan 18 18:46:49 2022,HeapDumpFormatter.html,Peter Shipton
Tue Jan 18 18:46:49 2022,HeapDumpSettings.html,Peter Shipton
Tue Jan 18 18:46:49 2022,LongArrayReferenceIterator.html,Peter Shipton
Tue Jan 18 18:46:49 2022,LongListReferenceIterator.html,Peter Shipton
Tue Jan 18 18:46:49 2022,ReferenceIterator.html,Peter Shipton
Tue Jan 18 18:46:49 2022,ClassicHeapDumpFormatter.html,Peter Shipton
Tue Jan 18 18:46:49 2022,ClassicHeapDumpFormatter.html,Peter Shipton
Tue Jan 18 18:46:49 2022,package-summary.html,Peter Shipton
Tue Jan 18 18:46:49 2022,package-tree.html,Peter Shipton
Tue Jan 18 18:46:49 2022,package-use.html,Peter Shipton
Tue Jan 18 18:46:49 2022,package-summary.html,Peter Shipton
Tue Jan 18 18:46:49 2022,package-tree.html,Peter Shipton
Tue Jan 18 18:46:49 2022,package-use.html,Peter Shipton
Tue Jan 18 18:46:49 2022,ClassRecord.html,Peter Shipton
Tue Jan 18 18:46:49 2022,LongObjectRecord.html,Peter Shipton
Tue Jan 18 18:46:49 2022,LongPrimitiveArrayRecord.html,Peter Shipton
Tue Jan 18 18:46:49 2022,MediumObjectRecord.html,Peter Shipton
Tue Jan 18 18:46:49 2022,ObjectArrayRecord.html,Peter Shipton
Tue Jan 18 18:46:49 2022,ObjectRecord.html,Peter Shipton
Tue Jan 18 18:46:49 2022,PortableHeapDumpClassCache.html,Peter Shipton
Tue Jan 18 18:46:49 2022,PortableHeapDumpFormatter.html,Peter Shipton
Tue Jan 18 18:46:49 2022,PortableHeapDumpHeader.html,Peter Shipton
Tue Jan 18 18:46:49 2022,PortableHeapDumpRecord.html,Peter Shipton
Tue Jan 18 18:46:49 2022,PrimitiveArrayRecord.html,Peter Shipton
Tue Jan 18 18:46:49 2022,ShortObjectRecord.html,Peter Shipton
Tue Jan 18 18:46:49 2022,ClassRecord.html,Peter Shipton
Tue Jan 18 18:46:49 2022,LongObjectRecord.html,Peter Shipton
Tue Jan 18 18:46:49 2022,LongPrimitiveArrayRecord.html,Peter Shipton
Tue Jan 18 18:46:49 2022,MediumObjectRecord.html,Peter Shipton
Tue Jan 18 18:46:49 2022,ObjectArrayRecord.html,Peter Shipton
Tue Jan 18 18:46:49 2022,ObjectRecord.html,Peter Shipton
Tue Jan 18 18:46:49 2022,PortableHeapDumpClassCache.html,Peter Shipton
Tue Jan 18 18:46:49 2022,PortableHeapDumpFormatter.html,Peter Shipton
Tue Jan 18 18:46:49 2022,PortableHeapDumpHeader.html,Peter Shipton
Tue Jan 18 18:46:49 2022,PortableHeapDumpRecord.html,Peter Shipton
Tue Jan 18 18:46:49 2022,PrimitiveArrayRecord.html,Peter Shipton
Tue Jan 18 18:46:49 2022,ShortObjectRecord.html,Peter Shipton
Tue Jan 18 18:46:49 2022,package-summary.html,Peter Shipton
Tue Jan 18 18:46:49 2022,package-tree.html,Peter Shipton
Tue Jan 18 18:46:49 2022,package-use.html,Peter Shipton
Tue Jan 18 18:46:49 2022,package-summary.html,Peter Shipton
Tue Jan 18 18:46:49 2022,package-tree.html,Peter Shipton
Tue Jan 18 18:46:49 2022,package-use.html,Peter Shipton
Tue Jan 18 18:46:49 2022,ICombinedContext.html,Peter Shipton
Tue Jan 18 18:46:49 2022,IOutputChannel.html,Peter Shipton
Tue Jan 18 18:46:49 2022,IOutputManager.html,Peter Shipton
Tue Jan 18 18:46:49 2022,ISession.html,Peter Shipton
Tue Jan 18 18:46:49 2022,ISessionContextManager.html,Peter Shipton
Tue Jan 18 18:46:49 2022,ICombinedContext.html,Peter Shipton
Tue Jan 18 18:46:49 2022,IOutputChannel.html,Peter Shipton
Tue Jan 18 18:46:49 2022,IOutputManager.html,Peter Shipton
Tue Jan 18 18:46:49 2022,ISession.html,Peter Shipton
Tue Jan 18 18:46:49 2022,ISessionContextManager.html,Peter Shipton
Tue Jan 18 18:46:49 2022,package-summary.html,Peter Shipton
Tue Jan 18 18:46:49 2022,package-tree.html,Peter Shipton
Tue Jan 18 18:46:49 2022,package-use.html,Peter Shipton
Tue Jan 18 18:46:49 2022,CommandException.html,Peter Shipton
Tue Jan 18 18:46:49 2022,IPipe.html,Peter Shipton
Tue Jan 18 18:46:49 2022,ITool.html,Peter Shipton
Tue Jan 18 18:46:49 2022,ParsedCommand.html,Peter Shipton
Tue Jan 18 18:46:49 2022,Tool.html,Peter Shipton
Tue Jan 18 18:46:49 2022,ToolsRegistry.html,Peter Shipton
Tue Jan 18 18:46:49 2022,ToolsRegistryOutputChannels.html,Peter Shipton
Tue Jan 18 18:46:49 2022,CommandException.html,Peter Shipton
Tue Jan 18 18:46:49 2022,IPipe.html,Peter Shipton
Tue Jan 18 18:46:49 2022,ITool.html,Peter Shipton
Tue Jan 18 18:46:49 2022,ParsedCommand.html,Peter Shipton
Tue Jan 18 18:46:49 2022,Tool.html,Peter Shipton
Tue Jan 18 18:46:49 2022,ToolsRegistry.html,Peter Shipton
Tue Jan 18 18:46:49 2022,ToolsRegistryOutputChannels.html,Peter Shipton
Tue Jan 18 18:46:49 2022,CharsFromTool.html,Peter Shipton
Tue Jan 18 18:46:49 2022,CharsToTool.html,Peter Shipton
Tue Jan 18 18:46:49 2022,CmdFileTool.html,Peter Shipton
Tue Jan 18 18:46:49 2022,GrepTool.html,Peter Shipton
Tue Jan 18 18:46:49 2022,HelpTool.html,Peter Shipton
Tue Jan 18 18:46:49 2022,HistoryTool.html,Peter Shipton
Tue Jan 18 18:46:49 2022,OutFileTool.html,Peter Shipton
Tue Jan 18 18:46:49 2022,TokensTool.html,Peter Shipton
Tue Jan 18 18:46:49 2022,CharsFromTool.html,Peter Shipton
Tue Jan 18 18:46:49 2022,CharsToTool.html,Peter Shipton
Tue Jan 18 18:46:49 2022,CmdFileTool.html,Peter Shipton
Tue Jan 18 18:46:49 2022,GrepTool.html,Peter Shipton
Tue Jan 18 18:46:49 2022,HelpTool.html,Peter Shipton
Tue Jan 18 18:46:49 2022,HistoryTool.html,Peter Shipton
Tue Jan 18 18:46:49 2022,OutFileTool.html,Peter Shipton
Tue Jan 18 18:46:49 2022,TokensTool.html,Peter Shipton
Tue Jan 18 18:46:49 2022,package-summary.html,Peter Shipton
Tue Jan 18 18:46:49 2022,package-tree.html,Peter Shipton
Tue Jan 18 18:46:49 2022,package-use.html,Peter Shipton
Tue Jan 18 18:46:49 2022,package-summary.html,Peter Shipton
Tue Jan 18 18:46:49 2022,package-tree.html,Peter Shipton
Tue Jan 18 18:46:49 2022,package-use.html,Peter Shipton
Tue Jan 18 18:46:49 2022,BlockPostmatchHandle.html,Peter Shipton
Tue Jan 18 18:46:49 2022,BlockPrematchHandle.html,Peter Shipton
Tue Jan 18 18:46:49 2022,FileUtils.html,Peter Shipton
Tue Jan 18 18:46:49 2022,IMatchHandle.html,Peter Shipton
Tue Jan 18 18:46:49 2022,IPostmatchHandle.html,Peter Shipton
Tue Jan 18 18:46:49 2022,IPrematchHandle.html,Peter Shipton
Tue Jan 18 18:46:49 2022,IStringModifier.html,Peter Shipton
Tue Jan 18 18:46:49 2022,MatchHandle.html,Peter Shipton
Tue Jan 18 18:46:49 2022,MaxLinesPostmatchHandle.html,Peter Shipton
Tue Jan 18 18:46:49 2022,MaxLinesPrematchHandle.html,Peter Shipton
Tue Jan 18 18:46:49 2022,OutputStreamModifier.html,Peter Shipton
Tue Jan 18 18:46:49 2022,RegExprMatchHandle.html,Peter Shipton
Tue Jan 18 18:46:49 2022,StringModifier.html,Peter Shipton
Tue Jan 18 18:46:49 2022,StringReceiver.html,Peter Shipton
Tue Jan 18 18:46:49 2022,BlockPostmatchHandle.html,Peter Shipton
Tue Jan 18 18:46:49 2022,BlockPrematchHandle.html,Peter Shipton
Tue Jan 18 18:46:49 2022,FileUtils.html,Peter Shipton
Tue Jan 18 18:46:49 2022,IMatchHandle.html,Peter Shipton
Tue Jan 18 18:46:49 2022,IPostmatchHandle.html,Peter Shipton
Tue Jan 18 18:46:49 2022,IPrematchHandle.html,Peter Shipton
Tue Jan 18 18:46:49 2022,IStringModifier.html,Peter Shipton
Tue Jan 18 18:46:49 2022,MatchHandle.html,Peter Shipton
Tue Jan 18 18:46:49 2022,MaxLinesPostmatchHandle.html,Peter Shipton
Tue Jan 18 18:46:49 2022,MaxLinesPrematchHandle.html,Peter Shipton
Tue Jan 18 18:46:49 2022,OutputStreamModifier.html,Peter Shipton
Tue Jan 18 18:46:49 2022,RegExprMatchHandle.html,Peter Shipton
Tue Jan 18 18:46:49 2022,StringModifier.html,Peter Shipton
Tue Jan 18 18:46:49 2022,StringReceiver.html,Peter Shipton
Tue Jan 18 18:46:49 2022,package-summary.html,Peter Shipton
Tue Jan 18 18:46:49 2022,package-tree.html,Peter Shipton
Tue Jan 18 18:46:49 2022,package-use.html,Peter Shipton
Tue Jan 18 18:46:49 2022,module-summary.html,Peter Shipton
Tue Jan 18 18:46:49 2022,CUDADevice.html,Peter Shipton
Tue Jan 18 18:46:49 2022,CUDAManager.html,Peter Shipton
Tue Jan 18 18:46:49 2022,GPUConfigurationException.html,Peter Shipton
Tue Jan 18 18:46:49 2022,GPUPermission.html,Peter Shipton
Tue Jan 18 18:46:49 2022,GPUSortException.html,Peter Shipton
Tue Jan 18 18:46:49 2022,Maths.html,Peter Shipton
Tue Jan 18 18:46:49 2022,Version.html,Peter Shipton
Tue Jan 18 18:46:49 2022,CUDADevice.html,Peter Shipton
Tue Jan 18 18:46:49 2022,CUDAManager.html,Peter Shipton
Tue Jan 18 18:46:49 2022,GPUConfigurationException.html,Peter Shipton
Tue Jan 18 18:46:49 2022,GPUPermission.html,Peter Shipton
Tue Jan 18 18:46:49 2022,GPUSortException.html,Peter Shipton
Tue Jan 18 18:46:49 2022,Maths.html,Peter Shipton
Tue Jan 18 18:46:49 2022,Version.html,Peter Shipton
Tue Jan 18 18:46:49 2022,CudaGPUAssistProvider.html,Peter Shipton
Tue Jan 18 18:46:49 2022,CudaGPUAssistProvider.html,Peter Shipton
Tue Jan 18 18:46:49 2022,package-summary.html,Peter Shipton
Tue Jan 18 18:46:49 2022,package-tree.html,Peter Shipton
Tue Jan 18 18:46:49 2022,package-use.html,Peter Shipton
Tue Jan 18 18:46:49 2022,package-summary.html,Peter Shipton
Tue Jan 18 18:46:49 2022,package-tree.html,Peter Shipton
Tue Jan 18 18:46:49 2022,package-use.html,Peter Shipton
Tue Jan 18 18:46:49 2022,module-summary.html,Peter Shipton
Tue Jan 18 18:46:49 2022,Debuggable.html,Peter Shipton
Tue Jan 18 18:46:49 2022,Dump.html,Peter Shipton
Tue Jan 18 18:46:49 2022,DumpConfigurationUnavailableException.html,Peter Shipton
Tue Jan 18 18:46:49 2022,DumpPermission.html,Peter Shipton
Tue Jan 18 18:46:49 2022,InvalidDumpOptionException.html,Peter Shipton
Tue Jan 18 18:46:49 2022,Log.html,Peter Shipton
Tue Jan 18 18:46:49 2022,LogPermission.html,Peter Shipton
Tue Jan 18 18:46:49 2022,Stats.html,Peter Shipton
Tue Jan 18 18:46:49 2022,ToolDumpPermission.html,Peter Shipton
Tue Jan 18 18:46:49 2022,Trace.html,Peter Shipton
Tue Jan 18 18:46:49 2022,TracePermission.html,Peter Shipton
Tue Jan 18 18:46:49 2022,Debuggable.html,Peter Shipton
Tue Jan 18 18:46:49 2022,Dump.html,Peter Shipton
Tue Jan 18 18:46:49 2022,DumpConfigurationUnavailableException.html,Peter Shipton
Tue Jan 18 18:46:49 2022,DumpPermission.html,Peter Shipton
Tue Jan 18 18:46:49 2022,InvalidDumpOptionException.html,Peter Shipton
Tue Jan 18 18:46:49 2022,Log.html,Peter Shipton
Tue Jan 18 18:46:49 2022,LogPermission.html,Peter Shipton
Tue Jan 18 18:46:49 2022,Stats.html,Peter Shipton
Tue Jan 18 18:46:49 2022,ToolDumpPermission.html,Peter Shipton
Tue Jan 18 18:46:49 2022,Trace.html,Peter Shipton
Tue Jan 18 18:46:49 2022,TracePermission.html,Peter Shipton
Tue Jan 18 18:46:49 2022,package-summary.html,Peter Shipton
Tue Jan 18 18:46:49 2022,package-tree.html,Peter Shipton
Tue Jan 18 18:46:49 2022,package-use.html,Peter Shipton
Tue Jan 18 18:46:49 2022,module-summary.html,Peter Shipton
Tue Jan 18 18:46:49 2022,CannotSetClasspathException.html,Peter Shipton
Tue Jan 18 18:46:49 2022,HelperAlreadyDefinedException.html,Peter Shipton
Tue Jan 18 18:46:49 2022,Shared.html,Peter Shipton
Tue Jan 18 18:46:49 2022,SharedAbstractHelper.html,Peter Shipton
Tue Jan 18 18:46:49 2022,SharedAbstractHelperFactory.html,Peter Shipton
Tue Jan 18 18:46:49 2022,SharedClassAbstractHelper.html,Peter Shipton
Tue Jan 18 18:46:49 2022,SharedClassCacheInfo.html,Peter Shipton
Tue Jan 18 18:46:49 2022,SharedClassFilter.html,Peter Shipton
Tue Jan 18 18:46:49 2022,SharedClassHelper.html,Peter Shipton
Tue Jan 18 18:46:49 2022,SharedClassHelperFactory.html,Peter Shipton
Tue Jan 18 18:46:49 2022,SharedClassPermission.html,Peter Shipton
Tue Jan 18 18:46:49 2022,SharedClassPermissionCollection.html,Peter Shipton
Tue Jan 18 18:46:49 2022,SharedClassStatistics.html,Peter Shipton
Tue Jan 18 18:46:49 2022,SharedClassTokenHelper.html,Peter Shipton
Tue Jan 18 18:46:49 2022,SharedClassURLClasspathHelper.IndexHolder.html,Peter Shipton
Tue Jan 18 18:46:49 2022,SharedClassURLClasspathHelper.html,Peter Shipton
Tue Jan 18 18:46:49 2022,SharedClassURLHelper.html,Peter Shipton
Tue Jan 18 18:46:49 2022,SharedClassUtilities.html,Peter Shipton
Tue Jan 18 18:46:49 2022,SharedClassesNamedPermission.html,Peter Shipton
Tue Jan 18 18:46:49 2022,SharedDataHelper.html,Peter Shipton
Tue Jan 18 18:46:49 2022,SharedDataHelperFactory.html,Peter Shipton
Tue Jan 18 18:46:49 2022,SharedHelper.html,Peter Shipton
Tue Jan 18 18:46:49 2022,CannotSetClasspathException.html,Peter Shipton
Tue Jan 18 18:46:49 2022,HelperAlreadyDefinedException.html,Peter Shipton
Tue Jan 18 18:46:49 2022,Shared.html,Peter Shipton
Tue Jan 18 18:46:49 2022,SharedAbstractHelper.html,Peter Shipton
Tue Jan 18 18:46:49 2022,SharedAbstractHelperFactory.html,Peter Shipton
Tue Jan 18 18:46:49 2022,SharedClassAbstractHelper.html,Peter Shipton
Tue Jan 18 18:46:49 2022,SharedClassCacheInfo.html,Peter Shipton
Tue Jan 18 18:46:49 2022,SharedClassFilter.html,Peter Shipton
Tue Jan 18 18:46:49 2022,SharedClassHelper.html,Peter Shipton
Tue Jan 18 18:46:49 2022,SharedClassHelperFactory.html,Peter Shipton
Tue Jan 18 18:46:49 2022,SharedClassPermission.html,Peter Shipton
Tue Jan 18 18:46:49 2022,SharedClassPermissionCollection.html,Peter Shipton
Tue Jan 18 18:46:49 2022,SharedClassStatistics.html,Peter Shipton
Tue Jan 18 18:46:49 2022,SharedClassTokenHelper.html,Peter Shipton
Tue Jan 18 18:46:49 2022,SharedClassURLClasspathHelper.IndexHolder.html,Peter Shipton
Tue Jan 18 18:46:49 2022,SharedClassURLClasspathHelper.html,Peter Shipton
Tue Jan 18 18:46:49 2022,SharedClassURLHelper.html,Peter Shipton
Tue Jan 18 18:46:49 2022,SharedClassUtilities.html,Peter Shipton
Tue Jan 18 18:46:49 2022,SharedClassesNamedPermission.html,Peter Shipton
Tue Jan 18 18:46:49 2022,SharedDataHelper.html,Peter Shipton
Tue Jan 18 18:46:49 2022,SharedDataHelperFactory.html,Peter Shipton
Tue Jan 18 18:46:49 2022,SharedHelper.html,Peter Shipton
Tue Jan 18 18:46:49 2022,package-summary.html,Peter Shipton
Tue Jan 18 18:46:49 2022,package-tree.html,Peter Shipton
Tue Jan 18 18:46:49 2022,package-use.html,Peter Shipton
Tue Jan 18 18:46:49 2022,SharedClassProviderImpl.html,Peter Shipton
Tue Jan 18 18:46:49 2022,SharedClassProviderImpl.html,Peter Shipton
Tue Jan 18 18:46:49 2022,package-summary.html,Peter Shipton
Tue Jan 18 18:46:49 2022,package-tree.html,Peter Shipton
Tue Jan 18 18:46:49 2022,package-use.html,Peter Shipton
Tue Jan 18 18:46:49 2022,module-summary.html,Peter Shipton
Tue Jan 18 18:46:49 2022,ActiveSection.html,Peter Shipton
Tue Jan 18 18:46:49 2022,Format2Tprof.MethodEntry.html,Peter Shipton
Tue Jan 18 18:46:49 2022,Format2Tprof.html,Peter Shipton
Tue Jan 18 18:46:49 2022,IncompleteTracePoint.html,Peter Shipton
Tue Jan 18 18:46:49 2022,InvalidSpannedRecordException.html,Peter Shipton
Tue Jan 18 18:46:49 2022,Merge.html,Peter Shipton
Tue Jan 18 18:46:49 2022,Message.html,Peter Shipton
Tue Jan 18 18:46:49 2022,MessageFile.html,Peter Shipton
Tue Jan 18 18:46:49 2022,ProcessorSection.html,Peter Shipton
Tue Jan 18 18:46:49 2022,ServiceSection.html,Peter Shipton
Tue Jan 18 18:46:49 2022,StartupSection.html,Peter Shipton
Tue Jan 18 18:46:49 2022,TraceArgs.html,Peter Shipton
Tue Jan 18 18:46:49 2022,TraceFile.html,Peter Shipton
Tue Jan 18 18:46:49 2022,TraceFileHeader.html,Peter Shipton
Tue Jan 18 18:46:49 2022,TraceFormat.html,Peter Shipton
Tue Jan 18 18:46:49 2022,TracePoint.html,Peter Shipton
Tue Jan 18 18:46:49 2022,TraceRecord.html,Peter Shipton
Tue Jan 18 18:46:49 2022,TraceRecord50.html,Peter Shipton
Tue Jan 18 18:46:49 2022,TraceRecordExternal.html,Peter Shipton
Tue Jan 18 18:46:49 2022,TraceRecordInternal.html,Peter Shipton
Tue Jan 18 18:46:49 2022,TraceSection.html,Peter Shipton
Tue Jan 18 18:46:49 2022,TraceThread.html,Peter Shipton
Tue Jan 18 18:46:49 2022,Util.html,Peter Shipton
Tue Jan 18 18:46:49 2022,ActiveSection.html,Peter Shipton
Tue Jan 18 18:46:49 2022,Format2Tprof.MethodEntry.html,Peter Shipton
Tue Jan 18 18:46:49 2022,Format2Tprof.html,Peter Shipton
Tue Jan 18 18:46:49 2022,IncompleteTracePoint.html,Peter Shipton
Tue Jan 18 18:46:49 2022,InvalidSpannedRecordException.html,Peter Shipton
Tue Jan 18 18:46:49 2022,Merge.html,Peter Shipton
Tue Jan 18 18:46:49 2022,Message.html,Peter Shipton
Tue Jan 18 18:46:49 2022,MessageFile.html,Peter Shipton
Tue Jan 18 18:46:49 2022,ProcessorSection.html,Peter Shipton
Tue Jan 18 18:46:49 2022,ServiceSection.html,Peter Shipton
Tue Jan 18 18:46:49 2022,StartupSection.html,Peter Shipton
Tue Jan 18 18:46:49 2022,TraceArgs.html,Peter Shipton
Tue Jan 18 18:46:49 2022,TraceFile.html,Peter Shipton
Tue Jan 18 18:46:49 2022,TraceFileHeader.html,Peter Shipton
Tue Jan 18 18:46:49 2022,TraceFormat.html,Peter Shipton
Tue Jan 18 18:46:49 2022,TracePoint.html,Peter Shipton
Tue Jan 18 18:46:49 2022,TraceRecord.html,Peter Shipton
Tue Jan 18 18:46:49 2022,TraceRecord50.html,Peter Shipton
Tue Jan 18 18:46:49 2022,TraceRecordExternal.html,Peter Shipton
Tue Jan 18 18:46:49 2022,TraceRecordInternal.html,Peter Shipton
Tue Jan 18 18:46:49 2022,TraceSection.html,Peter Shipton
Tue Jan 18 18:46:49 2022,TraceThread.html,Peter Shipton
Tue Jan 18 18:46:49 2022,Util.html,Peter Shipton
Tue Jan 18 18:46:49 2022,package-summary.html,Peter Shipton
Tue Jan 18 18:46:49 2022,package-tree.html,Peter Shipton
Tue Jan 18 18:46:49 2022,package-use.html,Peter Shipton
Tue Jan 18 18:46:49 2022,TraceFile.html,Peter Shipton
Tue Jan 18 18:46:49 2022,TraceFileHeader.html,Peter Shipton
Tue Jan 18 18:46:49 2022,TracePoint.html,Peter Shipton
Tue Jan 18 18:46:49 2022,TracePointGlobalChronologicalIterator.html,Peter Shipton
Tue Jan 18 18:46:49 2022,TracePointThreadChronologicalIterator.html,Peter Shipton
Tue Jan 18 18:46:49 2022,TraceThread.html,Peter Shipton
Tue Jan 18 18:46:49 2022,TraceFile.html,Peter Shipton
Tue Jan 18 18:46:49 2022,TraceFileHeader.html,Peter Shipton
Tue Jan 18 18:46:49 2022,TracePoint.html,Peter Shipton
Tue Jan 18 18:46:49 2022,TracePointGlobalChronologicalIterator.html,Peter Shipton
Tue Jan 18 18:46:49 2022,TracePointThreadChronologicalIterator.html,Peter Shipton
Tue Jan 18 18:46:49 2022,TraceThread.html,Peter Shipton
Tue Jan 18 18:46:49 2022,ActiveSection.html,Peter Shipton
Tue Jan 18 18:46:49 2022,ByteStream.html,Peter Shipton
Tue Jan 18 18:46:49 2022,Component.html,Peter Shipton
Tue Jan 18 18:46:49 2022,DataHeader.html,Peter Shipton
Tue Jan 18 18:46:49 2022,Message.Arg.html,Peter Shipton
Tue Jan 18 18:46:49 2022,Message.CharArg.html,Peter Shipton
Tue Jan 18 18:46:49 2022,Message.Double_Arg.html,Peter Shipton
Tue Jan 18 18:46:49 2022,Message.FixedStringArg.html,Peter Shipton
Tue Jan 18 18:46:49 2022,Message.Float_Arg.html,Peter Shipton
Tue Jan 18 18:46:49 2022,Message.I32_Arg.html,Peter Shipton
Tue Jan 18 18:46:49 2022,Message.I64_Arg.html,Peter Shipton
Tue Jan 18 18:46:49 2022,Message.PointerArg.html,Peter Shipton
Tue Jan 18 18:46:49 2022,Message.StringArg.html,Peter Shipton
Tue Jan 18 18:46:49 2022,Message.U32_Arg.html,Peter Shipton
Tue Jan 18 18:46:49 2022,Message.U64_Arg.html,Peter Shipton
Tue Jan 18 18:46:49 2022,Message.UTF8StringArg.html,Peter Shipton
Tue Jan 18 18:46:49 2022,Message.html,Peter Shipton
Tue Jan 18 18:46:49 2022,MessageFile.html,Peter Shipton
Tue Jan 18 18:46:49 2022,MissingDataException.html,Peter Shipton
Tue Jan 18 18:46:49 2022,ProcessorSection.html,Peter Shipton
Tue Jan 18 18:46:49 2022,ServiceSection.html,Peter Shipton
Tue Jan 18 18:46:49 2022,StartupSection.html,Peter Shipton
Tue Jan 18 18:46:49 2022,TraceContext.html,Peter Shipton
Tue Jan 18 18:46:49 2022,TraceFileHeader.html,Peter Shipton
Tue Jan 18 18:46:49 2022,TracePoint.html,Peter Shipton
Tue Jan 18 18:46:49 2022,TracePointDebugInfo.html,Peter Shipton
Tue Jan 18 18:46:49 2022,TracePointImpl.html,Peter Shipton
Tue Jan 18 18:46:49 2022,TraceRecord.html,Peter Shipton
Tue Jan 18 18:46:49 2022,TraceSection.html,Peter Shipton
Tue Jan 18 18:46:49 2022,TraceThread.html,Peter Shipton
Tue Jan 18 18:46:49 2022,ActiveSection.html,Peter Shipton
Tue Jan 18 18:46:49 2022,ByteStream.html,Peter Shipton
Tue Jan 18 18:46:49 2022,Component.html,Peter Shipton
Tue Jan 18 18:46:49 2022,DataHeader.html,Peter Shipton
Tue Jan 18 18:46:49 2022,Message.Arg.html,Peter Shipton
Tue Jan 18 18:46:49 2022,Message.CharArg.html,Peter Shipton
Tue Jan 18 18:46:49 2022,Message.Double_Arg.html,Peter Shipton
Tue Jan 18 18:46:49 2022,Message.FixedStringArg.html,Peter Shipton
Tue Jan 18 18:46:49 2022,Message.Float_Arg.html,Peter Shipton
Tue Jan 18 18:46:49 2022,Message.I32_Arg.html,Peter Shipton
Tue Jan 18 18:46:49 2022,Message.I64_Arg.html,Peter Shipton
Tue Jan 18 18:46:49 2022,Message.PointerArg.html,Peter Shipton
Tue Jan 18 18:46:49 2022,Message.StringArg.html,Peter Shipton
Tue Jan 18 18:46:49 2022,Message.U32_Arg.html,Peter Shipton
Tue Jan 18 18:46:49 2022,Message.U64_Arg.html,Peter Shipton
Tue Jan 18 18:46:49 2022,Message.UTF8StringArg.html,Peter Shipton
Tue Jan 18 18:46:49 2022,Message.html,Peter Shipton
Tue Jan 18 18:46:49 2022,MessageFile.html,Peter Shipton
Tue Jan 18 18:46:49 2022,MissingDataException.html,Peter Shipton
Tue Jan 18 18:46:49 2022,ProcessorSection.html,Peter Shipton
Tue Jan 18 18:46:49 2022,ServiceSection.html,Peter Shipton
Tue Jan 18 18:46:49 2022,StartupSection.html,Peter Shipton
Tue Jan 18 18:46:49 2022,TraceContext.html,Peter Shipton
Tue Jan 18 18:46:49 2022,TraceFileHeader.html,Peter Shipton
Tue Jan 18 18:46:49 2022,TracePoint.html,Peter Shipton
Tue Jan 18 18:46:49 2022,TracePointDebugInfo.html,Peter Shipton
Tue Jan 18 18:46:49 2022,TracePointImpl.html,Peter Shipton
Tue Jan 18 18:46:49 2022,TraceRecord.html,Peter Shipton
Tue Jan 18 18:46:49 2022,TraceSection.html,Peter Shipton
Tue Jan 18 18:46:49 2022,TraceThread.html,Peter Shipton
Tue Jan 18 18:46:49 2022,package-summary.html,Peter Shipton
Tue Jan 18 18:46:49 2022,package-tree.html,Peter Shipton
Tue Jan 18 18:46:49 2022,package-use.html,Peter Shipton
Tue Jan 18 18:46:49 2022,package-summary.html,Peter Shipton
Tue Jan 18 18:46:49 2022,package-tree.html,Peter Shipton
Tue Jan 18 18:46:49 2022,package-use.html,Peter Shipton
Tue Jan 18 18:46:49 2022,TraceFormat.html,Peter Shipton
Tue Jan 18 18:46:49 2022,TraceFormat.html,Peter Shipton
Tue Jan 18 18:46:49 2022,package-summary.html,Peter Shipton
Tue Jan 18 18:46:49 2022,package-tree.html,Peter Shipton
Tue Jan 18 18:46:49 2022,package-use.html,Peter Shipton
Tue Jan 18 18:46:49 2022,module-summary.html,Peter Shipton
Tue Jan 18 18:46:49 2022,ConditionException.html,Peter Shipton
Tue Jan 18 18:46:49 2022,ConditionException.html,Peter Shipton
Tue Jan 18 18:46:49 2022,package-summary.html,Peter Shipton
Tue Jan 18 18:46:49 2022,package-tree.html,Peter Shipton
Tue Jan 18 18:46:49 2022,package-use.html,Peter Shipton
Tue Jan 18 18:46:49 2022,module-summary.html,Peter Shipton
Tue Jan 18 18:46:49 2022,overview-tree.html,Peter Shipton
Tue Jan 18 18:46:49 2022,serialized-form.html,Peter Shipton
