date_time,file,committer_name
Mon Apr 21 20:15:17 2008,ConfigurationEncodingTests.java,Darin Wright
Tue Apr 22 20:27:29 2008,ExpressionInformationControlCreator.java,Darin Wright
Tue Apr 22 20:31:40 2008,ExpressionInformationControlCreator.java,Darin Wright
Tue Apr 22 20:31:40 2008,JavaDebugHover.java,Darin Wright
Tue Apr 22 20:57:59 2008,AbstractVMInstallPage.java,Darin Wright
Tue Apr 22 20:57:59 2008,JavaAppletLaunchShortcut.java,Darin Wright
Tue Apr 22 20:57:59 2008,JavaApplicationLaunchShortcut.java,Darin Wright
Tue Apr 22 20:57:59 2008,JavaLaunchShortcut.java,Darin Wright
Tue Apr 22 20:57:59 2008,AddVMInstallWizard.java,Darin Wright
Tue Apr 22 20:57:59 2008,EEVMPage.java,Darin Wright
Tue Apr 22 20:57:59 2008,EditVMInstallWizard.java,Darin Wright
Tue Apr 22 20:57:59 2008,StandardVMPage.java,Darin Wright
Tue Apr 22 20:57:59 2008,VMInstallWizard.java,Darin Wright
Tue Apr 22 20:57:59 2008,VMTypePage.java,Darin Wright
Tue Apr 22 21:26:57 2008,ExpressionInformationControlCreator.java,Darin Wright
Thu Apr 24 15:24:19 2008,ActionMessages.java,Darin Wright
Thu Apr 24 15:24:19 2008,ActionMessages.properties,Darin Wright
Thu Apr 24 15:24:19 2008,AddJarAction.java,Darin Wright
Thu Apr 24 15:24:19 2008,ArchiveFilter.java,Darin Wright
Wed Apr 30 21:18:11 2008,JavaDebugTargetProxy.java,Darin Wright
Mon May  5 19:33:54 2008,JavaStackTracePageParticipant.java,Darin Wright
Tue May  6 13:09:30 2008,LaunchingPlugin.java,Darin Wright
Tue May  6 14:35:44 2008,MoveDownAction.java,Darin Wright
Tue May  6 14:35:44 2008,MoveUpAction.java,Darin Wright
Thu May  8 20:07:24 2008,LaunchConfigurationManagerTests.java,Darin Wright
Fri May  9 21:27:10 2008,AbstractDebugPerformanceTest.java,Darin Wright
Fri May  9 21:27:10 2008,PerfContextualLaunchMenu.java,Darin Wright
Wed May 14 15:44:19 2008,JDISourceViewer.java,Darin Wright
