date_time,file,committer_name
Thu Sep 26 12:06:39 2013,PlotCommitListTest.java,Robin Rosenberg
Thu Sep 26 12:06:39 2013,PlotCommitList.java,Robin Rosenberg
